0.329632
0.433010
0.433010
0.433007
0.433010
0.433010
0.433010
0.433010
0.433007
0.433007
0.433010
0.433007
0.433010
0.433005
0.433010
0.433005
0.433005
0.433010
0.433001
0.433005
0.433010
0.433010
0.433010
0.432990
0.433010
0.433010
0.432991
0.433010
0.433010
0.432956
0.433045
0.435973
0.430248
0.437687
0.434775
0.497362
0.450434
0.447685
0.502401
0.448610
0.410205
0.329630
0.433180
0.432943
0.433363
0.432925
0.433010
0.433005
0.433005
0.433006
0.433007
0.433010
0.433010
0.433007
0.433007
0.433007
0.433005
0.433010
0.433007
0.433007
0.433010
0.433007
0.433007
0.433010
0.433007
0.433010
0.433010
0.433007
0.433007
0.433010
0.433010
0.433007
0.433007
0.433010
0.433010
0.433007
0.433007
0.433010
0.433011
0.433007
0.433010
0.433007
0.433010
0.433007
0.433010
0.433007
0.433010
0.433007
0.433010
0.433007
0.326540
0.433006
0.433005
0.433007
0.433005
0.433009
0.433005
0.433015
0.433005
0.433005
0.433005
0.433006
0.410204
0.502398
0.433006
0.497364
0.437684
0.433006
0.435974
0.433010
0.433010
0.433010
0.433010
0.432925
0.433010
0.433010
0.433005
0.433006
0.433005
0.433005
0.433005
0.433010
0.433010
0.433010
0.433010
0.432990
0.433363
0.432991
0.432943
0.433010
0.433045
0.435973
0.430248
0.437687
0.434775
0.450434
0.447685
0.502401
0.448610
0.410205
0.329630
0.497362
0.433180
0.432956
0.433010
0.433010
0.433010
0.432925
0.433005
0.433001
0.433010
0.433005
0.433004
0.432985
0.433005
0.433006
0.433007
0.433010
0.433006
0.433009
0.432989
0.433361
0.432992
0.433010
0.432941
0.432955
0.433046
0.432999
0.433180
0.430251
0.434773
0.433005
0.433006
0.450433
0.447685
0.433005
0.448612
0.433005
0.433005
0.433005
0.433007
0.433010
0.433007
0.433007
0.433010
0.433010
0.433007
0.433007
0.433010
0.433010
0.433007
0.433007
0.433010
0.433010
0.433007
0.433007
0.433010
0.433010
0.433007
0.433007
0.433010
0.433008
0.433010
0.433007
0.433010
0.433007
0.433010
0.433007
0.433010
0.433007
0.433010
0.433007
0.433010
0.433007
0.433010
0.433007
0.433009
0.433007
0.433010
0.433007
0.433010
0.433007
0.433010
0.433007
0.433010
0.433007
0.433010
0.433007
0.433010
0.433007
0.433010
0.433007
0.433010
0.433007
0.433010
0.433006
0.433010
0.433005
0.433010
0.433010
0.433006
0.433006
0.433010
0.433006
0.433010
0.433006
0.433005
0.433006
0.432595
0.433010
0.433005
0.432935
0.433006
0.435805
0.433006
0.433075
0.433006
0.433115
0.433006
0.433092
0.433035
0.433006
0.433226
0.400605
0.433557
0.433006
0.434242
0.435414
0.498521
0.436890
0.434705
0.429384
0.443099
0.442600
0.436050
0.328344
0.402780
0.292029
0.438505
0.461341
0.435255
0.418667
0.434030
0.445423
0.433515
0.438579
0.433225
0.437237
0.433095
0.435859
0.433015
0.434543
0.433010
0.433706
0.433005
0.433292
0.433005
0.433111
0.433005
0.433042
0.433005
0.433017
0.433005
0.433012
0.433005
0.433005
0.433005
0.433005
0.433005
0.433005
0.433005
0.433005
0.433005
0.433005
0.433005
0.433005
0.433001
0.433005
0.433005
0.433005
0.433005
0.433005
0.433005
0.433005
0.433005
0.433005
0.433005
0.433005
0.433749
0.433005
0.433005
0.433005
0.433005
0.433005
0.433005
0.433005
0.433005
0.433005
0.433005
0.433005
0.450932
0.433005
0.432515
0.433005
0.432975
0.433005
0.445895
0.432595
0.435710
0.433714
0.400255
0.443590
0.293046
0.419189
0.325530
0.429774
0.461483
0.443275
0.437665
0.459744
0.445403
0.433600
0.443369
0.431682
0.437356
0.433010
0.433005
0.434534
0.433005
0.433464
0.433005
0.433113
0.433005
0.433015
0.433005
0.432999
0.433388
0.433005
0.433005
0.433005
0.433005
0.433010
0.433005
0.433010
0.433005
0.433005
0.433005
0.433005
0.433005
0.433005
0.433005
0.433005
0.433005
0.433005
0.433005
0.433005
0.433005
0.433005
0.433005
0.433005
0.433005
0.433005
0.433005
0.433005
0.433005
0.433005
0.433005
0.433005
0.433005
0.433005
0.433005
0.433005
0.433005
0.433005
0.433005
0.433005
0.433005
0.433005
0.433005
0.433005
0.433005
0.433005
0.433005
0.433005
0.433005
0.433005
0.433005
0.433005
0.433005
0.433005
0.433005
0.433005
0.433005
0.433004
0.433005
0.433005
0.433005
0.433005
0.433005
0.433005
0.433005
0.433005
0.433005
0.433005
0.433005
0.433005
0.433005
0.433005
0.433005
0.433005
0.433005
0.433005
0.433005
0.433005
0.433005
0.433005
0.433005
0.433005
0.433005
0.433005
0.433005
0.433005
0.433005
0.433005
0.433005
0.433005
0.433005
0.433005
0.433005
0.433005
0.433005
0.433005
0.433005
0.433006
0.433005
0.433005
0.433005
0.433005
0.433005
0.433005
0.433005
0.433005
0.433005
0.433005
0.433005
0.433005
0.433005
0.433005
0.433005
0.433005
0.433005
0.433005
0.433005
0.433005
0.433006
0.433005
0.433006
0.433005
0.433006
0.433005
0.433006
0.433005
0.433005
0.433002
0.433005
0.433005
0.433005
0.433005
0.433005
0.433005
0.433005
0.433005
0.433001
0.433005
0.433005
0.433005
0.433005
0.433005
0.433005
0.433005
0.433005
0.433005
0.433005
0.433005
0.433749
0.433005
0.433005
0.433005
0.433005
0.433005
0.433005
0.433005
0.433005
0.433005
0.433005
0.433005
0.450932
0.433005
0.432515
0.433005
0.432975
0.433005
0.445895
0.432595
0.435710
0.433714
0.400255
0.443590
0.293046
0.419189
0.325530
0.429774
0.461483
0.443275
0.437665
0.459744
0.445403
0.433600
0.443369
0.431682
0.437356
0.433010
0.433005
0.434534
0.433005
0.433464
0.433005
0.433113
0.433005
0.433015
0.433005
0.432999
0.433388
0.433005
0.433005
0.433005
0.433005
0.433010
0.433005
0.433010
0.433005
0.433005
0.433005
0.433005
0.433005
0.433005
0.433005
0.433005
0.433000
0.433005
0.433005
0.433005
0.433005
0.433005
0.433005
0.433005
0.433005
0.433005
0.433005
0.433005
0.433748
0.433005
0.433005
0.433005
0.433005
0.433005
0.433005
0.433005
0.433005
0.433004
0.433005
0.433005
0.450931
0.433005
0.432515
0.433005
0.432975
0.433005
0.445893
0.432595
0.435710
0.433717
0.400255
0.443587
0.293047
0.419191
0.325530
0.429775
0.461484
0.443275
0.437667
0.459745
0.445399
0.433601
0.443370
0.431682
0.437357
0.433010
0.433003
0.434534
0.433004
0.433464
0.433005
0.433113
0.433006
0.433015
0.433006
0.432998
0.433389
0.433006
0.433005
0.433006
0.433005
0.433010
0.433006
0.433010
0.433006
0.433005
0.433006
0.433006
0.433006
0.433005
0.433006
0.433005
0.433006
0.433005
0.433006
0.433005
0.433006
0.433005
0.433006
0.433006
0.433006
0.433006
0.433006
0.433006
0.433006
0.433006
0.433006
0.433006
0.433006
0.433006
0.433006
0.433006
0.433006
0.433006
0.433006
0.433006
0.433006
0.433006
0.433006
0.433006
0.433006
0.433006
0.433006
0.433006
0.433006
0.433006
0.433006
0.433006
0.433006
0.433006
0.433006
0.433006
0.433006
0.433005
0.433006
0.433006
0.433006
0.433006
0.433006
0.433006
0.433006
0.433006
0.433006
0.433006
0.433006
0.433006
0.433006
0.433006
0.433006
0.433006
0.433006
0.433006
0.433006
0.433006
0.433006
0.433006
0.433006
0.433006
0.433006
0.433006
0.433006
0.433006
0.433006
0.433006
0.433006
0.433006
0.433006
0.433006
0.433006
0.433006
0.433006
0.433006
0.433006
0.433007
0.433006
0.433006
0.433006
0.433006
0.433006
0.433006
0.433006
0.433006
0.433006
0.433006
0.433006
0.433006
0.433006
0.433006
0.433006
0.433006
0.433006
0.433006
0.433006
0.433006
0.433006
0.433006
0.433006
0.433006
0.433006
0.433006
0.433006
0.433006
0.433006
0.433006
0.433006
0.433006
0.433005
0.433006
0.433006
0.433006
0.433006
0.433006
0.433006
0.433007
0.433006
0.433005
0.433006
0.432769
0.433006
0.433006
0.433006
0.433006
0.433006
0.433006
0.433007
0.433006
0.433006
0.433006
0.433006
0.433006
0.433006
0.433006
0.433006
0.433006
0.432666
0.433006
0.433006
0.514306
0.435292
0.433006
0.448420
0.432438
0.441893
0.434639
0.462452
0.445112
0.497752
0.456225
0.406559
0.427526
0.316277
0.291858
0.291306
0.316137
0.291306
0.316137
0.291304
0.316135
0.502055
0.437491
0.437766
0.502954
0.438229
0.431232
0.440798
0.434837
0.440406
0.433805
0.438127
0.433319
0.433032
0.435902
0.433017
0.434411
0.433010
0.433605
0.433010
0.433244
0.433010
0.433090
0.433010
0.433033
0.433013
0.433005
0.433014
0.433005
0.433010
0.433005
0.433010
0.433010
0.433010
0.433010
0.433010
0.432961
0.433010
0.433005
0.433010
0.433005
0.433010
0.433005
0.433010
0.433005
0.433010
0.433005
0.433010
0.433005
0.433010
0.433005
0.433010
0.432675
0.433010
0.433005
0.433010
0.433005
0.433010
0.438117
0.433010
0.447418
0.433010
0.433005
0.433010
0.433894
0.433010
0.435455
0.433279
0.438813
0.433888
0.418085
0.432937
0.524630
0.468862
0.505642
0.462982
0.424552
0.469931
0.503797
0.458700
0.434576
0.433258
0.442874
0.433045
0.437728
0.432994
0.435103
0.432965
0.432996
0.433191
0.433005
0.433016
0.432946
0.432978
0.433005
0.433010
0.432985
0.433010
0.432998
0.433010
0.433001
0.433005
0.433005
0.433005
0.433017
0.433010
0.433007
0.433010
0.433006
0.433010
0.433006
0.433010
0.433006
0.433010
0.433006
0.433010
0.433006
0.433010
0.433006
0.433010
0.433006
0.433010
0.433006
0.433010
0.433006
0.433010
0.433006
0.433010
0.433006
0.433010
0.433006
0.433010
0.433006
0.433010
0.433006
0.433010
0.433006
0.433010
0.433006
0.433010
0.433006
0.433010
0.433006
0.433010
0.433006
0.433010
0.433006
0.433010
0.433007
0.433010
0.433006
0.433008
0.433006
0.433010
0.433006
0.433010
0.433006
0.433010
0.433006
0.433010
0.433006
0.433010
0.433006
0.433010
0.433006
0.433010
0.433006
0.433010
0.433006
0.433010
0.433006
0.433010
0.433006
0.433010
0.433006
0.433010
0.433006
0.433010
0.433006
0.433010
0.433006
0.433010
0.433006
0.433010
0.433006
0.433010
0.433006
0.433010
0.433005
0.433010
0.433006
0.433012
0.433006
0.433010
0.433006
0.433010
0.433006
0.433010
0.433006
0.433010
0.433006
0.433010
0.433006
0.433010
0.433006
0.433010
0.433006
0.433010
0.433006
0.433010
0.433006
0.433010
0.433010
0.433010
0.433010
0.433010
0.433010
0.433010
0.433010
0.433010
0.433010
0.433010
0.433010
0.433010
0.433010
0.433010
0.433010
0.433010
0.432961
0.433010
0.433005
0.433010
0.433005
0.433010
0.433005
0.433010
0.433005
0.433010
0.433005
0.433010
0.433005
0.433010
0.433005
0.433010
0.432675
0.433010
0.433005
0.433010
0.433005
0.433010
0.438117
0.433010
0.447418
0.433010
0.433005
0.433010
0.433894
0.433010
0.435455
0.433279
0.438813
0.433888
0.418085
0.432937
0.524630
0.468862
0.505642
0.462982
0.424552
0.469931
0.503797
0.458700
0.434576
0.433258
0.442874
0.433045
0.437728
0.432994
0.435103
0.432965
0.432996
0.433191
0.433005
0.433016
0.432946
0.432978
0.433005
0.433010
0.432985
0.433010
0.432998
0.433010
0.433001
0.433010
0.433005
0.433010
0.433005
0.433010
0.433007
0.433010
0.432962
0.433010
0.433005
0.433010
0.433005
0.433010
0.433005
0.433010
0.433006
0.433010
0.433006
0.433010
0.433005
0.433010
0.433003
0.433010
0.432673
0.433010
0.433005
0.433010
0.433006
0.433010
0.438118
0.433008
0.447415
0.433010
0.433005
0.433010
0.433891
0.433010
0.435454
0.433283
0.438815
0.433884
0.418085
0.432939
0.524628
0.468861
0.505644
0.462981
0.424550
0.469931
0.503798
0.458699
0.434578
0.433258
0.442872
0.433046
0.437730
0.432996
0.435100
0.432963
0.432995
0.433192
0.433005
0.433017
0.432945
0.432980
0.433005
0.433006
0.432985
0.433006
0.432997
0.433006
0.432999
0.433006
0.433005
0.433006
0.433006
0.433006
0.433023
0.433006
0.433006
0.433006
0.433006
0.433006
0.433006
0.433006
0.433006
0.433006
0.433006
0.433006
0.433007
0.433006
0.433007
0.433006
0.433007
0.433006
0.433007
0.433006
0.433007
0.433006
0.433007
0.433006
0.433007
0.433006
0.433007
0.433006
0.433005
0.433006
0.433007
0.433006
0.433007
0.433006
0.433007
0.433006
0.433007
0.433006
0.433007
0.433006
0.433007
0.433006
0.433007
0.433006
0.433007
0.433004
0.433007
0.433006
0.433007
0.433006
0.433007
0.433006
0.433007
0.433006
0.433007
0.433006
0.433007
0.433006
0.433007
0.433006
0.433007
0.433006
0.433007
0.433006
0.433007
0.433006
0.433007
0.433006
0.433008
0.433006
0.433007
0.433006
0.433007
0.433006
0.433007
0.433006
0.433007
0.433006
0.433007
0.433006
0.433007
0.433006
0.433007
0.433006
0.433007
0.433008
0.433007
0.433006
0.433007
0.433006
0.433007
0.433006
0.433007
0.433006
0.433007
0.433006
0.433007
0.433006
0.433007
0.433006
0.433007
0.433006
0.433007
0.433006
0.433007
0.433006
0.433007
0.433006
0.434472
0.433006
0.433010
0.433006
0.433006
0.433006
0.433005
0.433006
0.433006
0.433007
0.433006
0.433007
0.433006
0.432770
0.433007
0.433006
0.433006
0.433006
0.433005
0.433006
0.433006
0.433006
0.433006
0.433007
0.433006
0.433007
0.433014
0.433006
0.433006
0.433006
0.433006
0.433007
0.433006
0.433007
0.433006
0.433007
0.433096
0.433006
0.433006
0.431793
0.433006
0.436774
0.435278
0.453671
0.431310
0.431807
0.443585
0.421300
0.462204
0.413868
0.520274
0.414849
0.441504
0.354829
0.489683
0.439928
0.437254
0.446467
0.407633
0.445200
0.433774
0.440394
0.433269
0.433043
0.436874
0.433013
0.434823
0.433009
0.433768
0.433005
0.433289
0.433005
0.433100
0.433034
0.433005
0.433014
0.433005
0.433005
0.433007
0.433005
0.433001
0.433005
0.433005
0.433005
0.433005
0.432980
0.433005
0.433005
0.433005
0.433005
0.433005
0.433005
0.433007
0.433005
0.433005
0.433005
0.433005
0.432965
0.433005
0.433005
0.433005
0.433005
0.433005
0.433005
0.433005
0.433005
0.433005
0.437233
0.433005
0.432740
0.433005
0.433559
0.432866
0.431862
0.432561
0.449137
0.434000
0.423879
0.436544
0.522638
0.430993
0.412864
0.352722
0.405273
0.439267
0.424662
0.436295
0.438041
0.431888
0.433005
0.433096
0.435750
0.388687
0.434258
0.427369
0.433005
0.432983
0.433005
0.432996
0.433005
0.432901
0.433005
0.432923
0.433005
0.432957
0.432427
0.433005
0.433005
0.432998
0.433005
0.433005
0.433003
0.433007
0.433005
0.433007
0.433005
0.433005
0.433005
0.433005
0.433005
0.433005
0.433005
0.433005
0.433005
0.433005
0.433005
0.433005
0.433005
0.433005
0.433005
0.433005
0.433005
0.433005
0.433005
0.433005
0.433005
0.433005
0.433005
0.433005
0.433005
0.433005
0.433005
0.433005
0.433005
0.433005
0.433005
0.433005
0.433003
0.433005
0.433005
0.433005
0.433005
0.433005
0.433005
0.433005
0.433005
0.433005
0.433005
0.433007
0.433005
0.433005
0.433005
0.433005
0.433005
0.433005
0.433005
0.433005
0.433005
0.433005
0.433005
0.433005
0.433005
0.433005
0.433005
0.433005
0.433005
0.433005
0.433005
0.433005
0.433005
0.433005
0.433005
0.433005
0.433005
0.433005
0.433005
0.433005
0.433007
0.433005
0.433005
0.433005
0.433005
0.433005
0.433005
0.433005
0.433005
0.433005
0.433005
0.433003
0.433005
0.433005
0.433005
0.433005
0.433005
0.433005
0.433005
0.433005
0.433005
0.433005
0.433005
0.433005
0.433005
0.433005
0.433005
0.433005
0.433005
0.433005
0.433005
0.433005
0.433005
0.433005
0.433005
0.433005
0.433005
0.433005
0.433005
0.433006
0.433005
0.433003
0.433005
0.433005
0.433005
0.433005
0.433005
0.433005
0.432980
0.433005
0.433005
0.433005
0.433005
0.433005
0.433005
0.433007
0.433005
0.433005
0.433005
0.433005
0.432965
0.433005
0.433005
0.433005
0.433005
0.433005
0.433005
0.433005
0.433005
0.433005
0.437233
0.433005
0.432740
0.433005
0.433559
0.432866
0.431862
0.432561
0.449137
0.434000
0.423879
0.436544
0.522638
0.430993
0.412864
0.352722
0.405273
0.439267
0.424662
0.436295
0.438041
0.431888
0.433005
0.433096
0.435750
0.388687
0.434258
0.427369
0.433005
0.432983
0.433005
0.432996
0.433005
0.432901
0.433005
0.432923
0.433005
0.432957
0.432425
0.433005
0.433005
0.432998
0.433005
0.433005
0.433005
0.433003
0.433005
0.433005
0.432981
0.433005
0.433005
0.433005
0.433005
0.433005
0.433005
0.433006
0.433005
0.433005
0.433005
0.433005
0.432963
0.433005
0.433005
0.433005
0.433003
0.433005
0.433005
0.433005
0.433005
0.433005
0.437231
0.433007
0.432740
0.433005
0.433557
0.432870
0.431858
0.432558
0.449138
0.433999
0.423881
0.436546
0.522639
0.430992
0.412861
0.352723
0.405275
0.439267
0.424662
0.436294
0.438041
0.431890
0.433005
0.433096
0.435751
0.388685
0.434259
0.427369
0.433005
0.432986
0.433007
0.432995
0.433003
0.432899
0.433005
0.432921
0.433007
0.432957
0.432425
0.433007
0.433007
0.432997
0.433005
0.433007
0.433007
0.433001
0.432998
0.433007
0.433007
0.433007
0.433007
0.433007
0.433007
0.433007
0.433007
0.433007
0.433007
0.433007
0.433005
0.433007
0.433007
0.433007
0.433007
0.433007
0.433007
0.433007
0.433007
0.433007
0.433007
0.433007
0.433007
0.433007
0.433007
0.433007
0.433007
0.433007
0.433007
0.433007
0.433007
0.433007
0.433007
0.433005
0.433007
0.433007
0.433007
0.433007
0.433007
0.433007
0.433007
0.433007
0.433007
0.433007
0.433007
0.433007
0.433007
0.433007
0.433007
0.433007
0.433007
0.433007
0.433007
0.433007
0.433007
0.433007
0.433007
0.433007
0.433007
0.433007
0.433007
0.433007
0.433007
0.433007
0.433007
0.433007
0.433007
0.433007
0.433007
0.433007
0.433007
0.433007
0.433007
0.433008
0.433007
0.433007
0.433007
0.433007
0.433007
0.433007
0.433007
0.433007
0.433007
0.433007
0.433006
0.433007
0.433007
0.433007
0.433007
0.433007
0.433007
0.433007
0.433007
0.433007
0.433007
0.433007
0.433007
0.433007
0.433007
0.433007
0.433007
0.433007
0.433007
0.433007
0.433007
0.433007
0.433007
0.433007
0.433007
0.433007
0.433007
0.433007
0.433007
0.433006
0.433010
0.433007
0.433007
0.433007
0.432883
0.433007
0.433007
0.433007
0.433007
0.433007
0.433005
0.433007
0.433007
0.433007
0.432996
0.433007
0.433007
0.433007
0.433007
0.433007
0.433007
0.433007
0.433007
0.433007
0.433007
0.433007
0.433007
0.442062
0.433661
0.433007
0.434845
0.432983
0.430934
0.432025
0.440155
0.445808
0.441902
0.429252
0.517055
0.430117
0.443166
0.405772
0.456433
0.406430
0.458782
0.453279
0.436829
0.456655
0.443266
0.471343
0.438728
0.428134
0.436189
0.436277
0.433004
0.434541
0.433000
0.433617
0.433191
0.432997
0.433038
0.432996
0.432995
0.433005
0.432994
0.433010
0.432996
0.433005
0.433005
0.433003
0.432989
0.433001
0.433005
0.433005
0.433005
0.433005
0.433005
0.433005
0.433005
0.433005
0.433005
0.433003
0.433005
0.433005
0.433005
0.433010
0.433005
0.433005
0.433005
0.432912
0.433005
0.432769
0.426047
0.433005
0.432791
0.433005
0.437452
0.431826
0.433448
0.433475
0.426125
0.432003
0.445761
0.432902
0.402518
0.437079
0.402862
0.486318
0.404362
0.348255
0.488815
0.437788
0.435065
0.429063
0.433005
0.432885
0.437139
0.430461
0.432848
0.434478
0.432917
0.433121
0.432988
0.432724
0.432723
0.433010
0.432819
0.433010
0.432912
0.433010
0.433010
0.433005
0.433010
0.433005
0.433003
0.433010
0.433005
0.433005
0.433005
0.433005
0.433005
0.433005
0.433005
0.433005
0.433005
0.433005
0.433005
0.433005
0.433005
0.433005
0.433005
0.433005
0.433005
0.433005
0.433005
0.433005
0.433005
0.433005
0.433005
0.433005
0.433005
0.433005
0.433005
0.433005
0.433005
0.433005
0.433005
0.433005
0.433005
0.433005
0.433007
0.433005
0.433005
0.433005
0.433005
0.433005
0.433005
0.433005
0.433005
0.433005
0.433005
0.433005
0.433005
0.433006
0.433005
0.433005
0.433005
0.433005
0.433005
0.433005
0.433005
0.433005
0.433005
0.433005
0.433005
0.433005
0.433005
0.433005
0.433005
0.433005
0.433005
0.433005
0.433005
0.433005
0.433005
0.433005
0.433005
0.433005
0.433005
0.433005
0.433003
0.433005
0.433005
0.433005
0.433005
0.433005
0.433005
0.433005
0.433005
0.433005
0.433005
0.433005
0.433005
0.433004
0.433005
0.433005
0.433005
0.433005
0.433005
0.433005
0.433005
0.433005
0.433005
0.433005
0.433005
0.433005
0.433005
0.433005
0.433005
0.433005
0.433005
0.433005
0.433005
0.433005
0.433005
0.433005
0.433005
0.433005
0.433005
0.433007
0.433005
0.433005
0.433005
0.433005
0.433005
0.433005
0.433005
0.433005
0.433005
0.433010
0.433005
0.433005
0.433005
0.433005
0.433005
0.433005
0.433005
0.433003
0.433005
0.433005
0.433005
0.433010
0.433005
0.433005
0.433005
0.432912
0.433005
0.432769
0.426047
0.433005
0.432791
0.433005
0.437452
0.431826
0.433448
0.433475
0.426125
0.432003
0.445761
0.432902
0.402518
0.437079
0.402862
0.486318
0.404362
0.348255
0.488815
0.437788
0.435065
0.429063
0.433005
0.432885
0.437139
0.430461
0.432848
0.434478
0.432917
0.433121
0.432988
0.432724
0.432723
0.433010
0.432819
0.433010
0.432912
0.433010
0.433010
0.433005
0.433005
0.432989
0.433003
0.433005
0.433005
0.433005
0.433005
0.433010
0.433005
0.433005
0.433005
0.433006
0.433005
0.433006
0.433005
0.433000
0.433005
0.433001
0.433005
0.433010
0.433005
0.433005
0.433005
0.432912
0.433005
0.432769
0.426043
0.433005
0.432792
0.433005
0.437454
0.431824
0.433447
0.433475
0.426129
0.432000
0.445762
0.432905
0.402521
0.437078
0.402861
0.486318
0.404362
0.348256
0.488812
0.437790
0.435068
0.429063
0.433005
0.432886
0.437141
0.430458
0.432850
0.434480
0.432919
0.433120
0.432989
0.432724
0.432725
0.433010
0.432821
0.433010
0.432911
0.433010
0.433010
0.433007
0.433007
0.432988
0.432937
0.433007
0.433007
0.433005
0.433005
0.433007
0.433007
0.433006
0.433007
0.433007
0.433007
0.433007
0.433007
0.433007
0.433007
0.433007
0.433005
0.433007
0.433007
0.433007
0.433007
0.433007
0.433007
0.433007
0.433007
0.433007
0.433007
0.433007
0.433007
0.433007
0.433007
0.433007
0.433007
0.433007
0.433007
0.433007
0.433007
0.433008
0.433007
0.433007
0.433007
0.433007
0.433007
0.433007
0.433007
0.433007
0.433007
0.433007
0.433007
0.433007
0.433007
0.433007
0.433007
0.433007
0.433007
0.433007
0.433007
0.433007
0.433007
0.433007
0.433007
0.433007
0.433007
0.433007
0.433007
0.433007
0.433007
0.433007
0.433007
0.433007
0.433007
0.433007
0.433007
0.433007
0.433007
0.433007
0.433007
0.433005
0.433007
0.433007
0.433007
0.433007
0.433007
0.433007
0.433007
0.433007
0.433007
0.433007
0.433007
0.433007
0.433007
0.433007
0.433007
0.433007
0.433007
0.433007
0.433007
0.433007
0.433007
0.433007
0.433007
0.433007
0.433007
0.433007
0.433007
0.433007
0.433007
0.433007
0.433007
0.433007
0.433007
0.433007
0.433007
0.433007
0.433007
0.433007
0.433007
0.433007
0.433007
0.433007
0.433010
0.433007
0.433007
0.433005
0.433007
0.433007
0.433007
0.433007
0.433005
0.433007
0.433007
0.433007
0.433007
0.433007
0.433007
0.432986
0.433007
0.433007
0.433007
0.433007
0.433007
0.433007
0.439375
0.433007
0.442768
0.434590
0.432482
0.433007
0.449687
0.431097
0.363433
0.409615
0.429060
0.425978
0.421015
0.426514
0.410350
0.426853
0.403631
0.350081
0.431939
0.445696
0.441511
0.503562
0.430116
0.437161
0.432636
0.433443
0.433006
0.433031
0.433006
0.432928
0.432964
0.433876
0.433104
0.433007
0.432871
0.432988
0.432860
0.432998
0.432909
0.433111
0.433005
0.432952
0.433005
0.432982
0.432981
0.432993
0.433005
0.432998
0.433005
0.433249
0.433005
0.433005
0.433005
0.433005
0.433005
0.433005
0.432091
0.433005
0.433005
0.433005
0.433005
0.433005
0.433005
0.433194
0.433005
0.433005
0.435243
0.433005
0.433005
0.433005
0.433005
0.432729
0.432563
0.427881
0.434561
0.429393
0.423105
0.435474
0.477996
0.502466
0.434722
0.396980
0.397096
0.437939
0.446244
0.486963
0.433212
0.445377
0.433010
0.432678
0.433399
0.433320
0.432877
0.432791
0.432979
0.432571
0.432993
0.432616
0.433005
0.432750
0.433005
0.432875
0.433005
0.432945
0.433005
0.433005
0.433000
0.433007
0.433005
0.433005
0.433005
0.433005
0.433005
0.433005
0.433005
0.433005
0.433005
0.433005
0.433005
0.433005
0.433005
0.433005
0.433005
0.433005
0.433005
0.433005
0.433005
0.433005
0.433005
0.433005
0.433005
0.433005
0.433005
0.433005
0.433005
0.433005
0.433005
0.433005
0.433005
0.433005
0.433005
0.433005
0.433006
0.433005
0.433005
0.433005
0.433005
0.433005
0.433005
0.433005
0.433005
0.433005
0.433005
0.433005
0.433005
0.433005
0.433005
0.433005
0.433005
0.433005
0.433005
0.433005
0.433005
0.433005
0.433005
0.433005
0.433005
0.433005
0.433005
0.433005
0.433005
0.433005
0.433005
0.433005
0.433005
0.433005
0.433005
0.433005
0.433005
0.433005
0.433005
0.433005
0.433004
0.433005
0.433005
0.433005
0.433005
0.433005
0.433005
0.433005
0.433005
0.433005
0.433005
0.433005
0.433005
0.433005
0.433005
0.433005
0.433005
0.433005
0.433005
0.433005
0.433005
0.433005
0.433005
0.433005
0.433005
0.433005
0.433005
0.433005
0.433005
0.433010
0.433005
0.433010
0.433005
0.433010
0.433005
0.433010
0.433005
0.433011
0.433005
0.433005
0.433005
0.433010
0.433005
0.433042
0.433005
0.433005
0.433005
0.433005
0.433005
0.433249
0.433005
0.433005
0.433005
0.433005
0.433005
0.433005
0.432091
0.433005
0.433005
0.433005
0.433005
0.433005
0.433005
0.433194
0.433005
0.433005
0.435243
0.433005
0.433005
0.433005
0.433005
0.432729
0.432563
0.427881
0.434561
0.429393
0.423105
0.435474
0.477996
0.502466
0.434722
0.396980
0.397096
0.437939
0.446244
0.486963
0.433212
0.445377
0.433010
0.432678
0.433399
0.433320
0.432877
0.432791
0.432979
0.432571
0.432993
0.432616
0.433005
0.432750
0.433005
0.432875
0.433005
0.432945
0.432981
0.433036
0.433000
0.433046
0.433005
0.433005
0.433005
0.433251
0.433005
0.433007
0.433005
0.433005
0.433005
0.433005
0.432094
0.433005
0.433005
0.433005
0.433005
0.433005
0.433005
0.433192
0.433006
0.433005
0.435241
0.433005
0.433005
0.433005
0.433005
0.432730
0.432564
0.427884
0.434563
0.429389
0.423106
0.435470
0.477998
0.502468
0.434723
0.396982
0.397094
0.437935
0.446244
0.486963
0.433212
0.445373
0.433010
0.432676
0.433402
0.433320
0.432877
0.432791
0.432981
0.432570
0.432997
0.432616
0.433005
0.432750
0.433006
0.432876
0.433007
0.432944
0.432935
0.433007
0.433007
0.433007
0.433007
0.433005
0.433010
0.433007
0.433007
0.433007
0.433007
0.433007
0.433007
0.433007
0.433007
0.433007
0.433007
0.433007
0.433010
0.433007
0.433006
0.433007
0.433006
0.433007
0.433006
0.433007
0.433006
0.433007
0.433006
0.433007
0.433006
0.433007
0.433006
0.433007
0.433006
0.433007
0.433006
0.433007
0.433006
0.433007
0.433006
0.433007
0.433006
0.433007
0.433006
0.433007
0.433006
0.433007
0.433006
0.433007
0.433005
0.433007
0.433006
0.433007
0.433006
0.433007
0.433006
0.433007
0.433006
0.433007
0.433006
0.433007
0.433006
0.433007
0.433006
0.433007
0.433006
0.433007
0.433006
0.433007
0.433006
0.433007
0.433006
0.433007
0.433006
0.433007
0.433006
0.433007
0.433006
0.433006
0.433006
0.433007
0.433006
0.433007
0.433006
0.433007
0.433006
0.433007
0.433006
0.433007
0.433007
0.433007
0.433006
0.433007
0.433006
0.433007
0.433006
0.433007
0.433006
0.433007
0.433006
0.433007
0.433006
0.433007
0.433006
0.433007
0.433006
0.433007
0.433006
0.433007
0.433006
0.433007
0.433006
0.433007
0.433006
0.433007
0.433006
0.433007
0.433007
0.433007
0.433007
0.433007
0.433007
0.433007
0.433007
0.433077
0.433007
0.433007
0.433006
0.433007
0.433007
0.433007
0.433007
0.433007
0.433007
0.432952
0.433007
0.432887
0.433006
0.433007
0.431956
0.433007
0.433024
0.433007
0.433007
0.436887
0.433007
0.432410
0.411591
0.432985
0.447394
0.422005
0.411856
0.474739
0.448252
0.430808
0.416284
0.490840
0.422256
0.443269
0.344851
0.439994
0.433436
0.434410
0.432117
0.445975
0.433007
0.432322
0.432229
0.432575
0.431159
0.433007
0.431544
0.433006
0.432079
0.432974
0.432479
0.433007
0.433005
0.432730
0.432879
0.433010
0.432947
0.433005
0.432989
0.433379
0.432998
0.433005
0.433005
0.433010
0.433007
0.433010
0.433010
0.433005
0.433010
0.433021
0.433010
0.432994
0.433010
0.432967
0.433010
0.432934
0.433010
0.433010
0.433010
0.433799
0.433010
0.450482
0.432426
0.432809
0.432540
0.428529
0.474525
0.432363
0.414820
0.431824
0.399033
0.341220
0.498986
0.392892
0.390110
0.432475
0.441234
0.432618
0.427358
0.434690
0.432506
0.429255
0.430693
0.433028
0.432830
0.431668
0.434771
0.432981
0.433000
0.432397
0.432645
0.433005
0.432824
0.433005
0.433010
0.432937
0.432984
0.433252
0.433000
0.433007
0.433010
0.433007
0.433010
0.433014
0.433010
0.433010
0.433010
0.433010
0.433010
0.433010
0.433010
0.433010
0.433010
0.433010
0.433010
0.433010
0.433010
0.433010
0.433010
0.433010
0.433010
0.433010
0.433010
0.433010
0.433010
0.433010
0.433010
0.433010
0.433010
0.433010
0.433010
0.433010
0.433010
0.433010
0.433010
0.433010
0.433010
0.433010
0.433010
0.433010
0.433010
0.433010
0.433010
0.433010
0.433010
0.433009
0.433010
0.433010
0.433010
0.433010
0.433010
0.433010
0.433010
0.433010
0.433010
0.433010
0.433010
0.433010
0.433010
0.433010
0.433010
0.433010
0.433010
0.433010
0.433010
0.433010
0.433010
0.433010
0.433010
0.433010
0.433010
0.433010
0.433010
0.433010
0.433010
0.433010
0.433010
0.433010
0.433010
0.433010
0.433010
0.433010
0.433010
0.433010
0.433010
0.433011
0.433010
0.433010
0.433010
0.433010
0.433010
0.433010
0.433010
0.433010
0.433010
0.433010
0.433010
0.433010
0.433010
0.433010
0.433010
0.433005
0.433010
0.433005
0.433010
0.433005
0.433010
0.433005
0.433010
0.433007
0.433010
0.433010
0.433010
0.433007
0.433010
0.433005
0.433010
0.433005
0.433010
0.433010
0.433010
0.433010
0.433010
0.433010
0.433010
0.433010
0.433010
0.433005
0.433010
0.433021
0.433010
0.432994
0.433010
0.432967
0.433010
0.432934
0.433010
0.433010
0.433010
0.433799
0.433010
0.450482
0.432426
0.432809
0.432540
0.428529
0.474525
0.432363
0.414820
0.431824
0.399033
0.341220
0.498986
0.392892
0.390110
0.432475
0.441234
0.432618
0.427358
0.434690
0.432506
0.429255
0.430693
0.433028
0.432830
0.431668
0.434771
0.432981
0.433000
0.432397
0.432645
0.433005
0.432824
0.433005
0.433005
0.433010
0.432984
0.433005
0.433010
0.433000
0.433010
0.433007
0.433014
0.433007
0.433010
0.433007
0.433010
0.433006
0.433010
0.433018
0.433010
0.432997
0.433010
0.432970
0.433010
0.432933
0.433010
0.433010
0.433010
0.433796
0.433010
0.450483
0.432427
0.432811
0.432536
0.428526
0.474527
0.432360
0.414824
0.431826
0.399031
0.341220
0.498984
0.392889
0.390110
0.432477
0.441234
0.432618
0.427361
0.434691
0.432506
0.429255
0.430693
0.433029
0.432833
0.431666
0.434771
0.432979
0.433001
0.432394
0.432644
0.433005
0.432827
0.433005
0.433005
0.433007
0.433007
0.432983
0.433037
0.433006
0.433006
0.433006
0.433005
0.433006
0.433006
0.433007
0.433006
0.433007
0.433006
0.433006
0.433006
0.433006
0.433006
0.433006
0.433005
0.433006
0.433005
0.433006
0.433005
0.433006
0.433005
0.433006
0.433005
0.433006
0.433005
0.433006
0.433005
0.433006
0.433005
0.433006
0.433005
0.433006
0.433005
0.433006
0.433005
0.433006
0.433005
0.433006
0.433005
0.433006
0.433005
0.433006
0.433005
0.433006
0.433005
0.433006
0.433005
0.433006
0.433005
0.433006
0.433005
0.433006
0.433005
0.433006
0.433005
0.433006
0.433005
0.433006
0.433005
0.433006
0.433005
0.433006
0.433005
0.433006
0.433005
0.433006
0.433005
0.433006
0.433005
0.433006
0.433005
0.433006
0.433005
0.433006
0.433005
0.433006
0.433005
0.433006
0.433005
0.433006
0.433005
0.433006
0.433005
0.433006
0.433005
0.433006
0.433005
0.433006
0.433005
0.433006
0.433005
0.433006
0.433005
0.433006
0.433005
0.433006
0.433005
0.433006
0.433005
0.433006
0.433005
0.433006
0.433005
0.433006
0.433005
0.433006
0.433005
0.433006
0.433005
0.433006
0.433005
0.433006
0.433005
0.433006
0.433006
0.433006
0.433006
0.433006
0.433006
0.433190
0.433006
0.433006
0.433007
0.433006
0.433006
0.433006
0.433006
0.433006
0.433006
0.432917
0.433006
0.432814
0.433006
0.433006
0.432193
0.433006
0.431080
0.432842
0.433006
0.431145
0.425586
0.429206
0.424008
0.408865
0.548240
0.342953
0.429032
0.643477
0.540435
0.493393
0.426912
0.411055
0.520250
0.436045
0.446282
0.433376
0.431878
0.431301
0.431205
0.431689
0.430712
0.431999
0.430157
0.432498
0.430699
0.433007
0.431524
0.433007
0.432993
0.432169
0.433005
0.432583
0.432810
0.433006
0.433005
0.432925
0.433005
0.432975
0.432996
0.433005
0.433005
0.433007
0.434083
0.433005
0.433005
0.433005
0.433005
0.433022
0.433005
0.433005
0.433005
0.433005
0.433081
0.433005
0.433005
0.433005
0.433005
0.433266
0.433005
0.434007
0.423659
0.431672
0.441393
0.430565
0.428498
0.439997
0.414486
0.392476
0.394476
0.338142
0.475131
0.432725
0.414302
0.412452
0.425724
0.535090
0.467592
0.432970
0.435218
0.432905
0.434302
0.433005
0.433010
0.433010
0.433013
0.433034
0.433014
0.432963
0.432981
0.433497
0.433007
0.433162
0.433005
0.433014
0.433005
0.433014
0.433005
0.433012
0.433005
0.433005
0.433005
0.433009
0.433005
0.433005
0.433005
0.433005
0.433005
0.433005
0.433005
0.433005
0.433005
0.433005
0.433005
0.433005
0.433005
0.433005
0.433005
0.433005
0.433005
0.433005
0.433005
0.433005
0.433005
0.433005
0.433005
0.433005
0.433004
0.433005
0.433005
0.433005
0.433005
0.433005
0.433005
0.433005
0.433005
0.433005
0.433005
0.433003
0.433005
0.433005
0.433005
0.433005
0.433005
0.433005
0.433005
0.433005
0.433005
0.433005
0.433005
0.433005
0.433005
0.433005
0.433005
0.433005
0.433005
0.433005
0.433005
0.433005
0.433005
0.433005
0.433005
0.433005
0.433005
0.433005
0.433005
0.433005
0.433006
0.433005
0.433005
0.433005
0.433005
0.433005
0.433005
0.433005
0.433005
0.433005
0.433005
0.433007
0.433005
0.433005
0.433005
0.433005
0.433005
0.433005
0.433005
0.433005
0.433005
0.433005
0.433005
0.433005
0.433005
0.433005
0.433005
0.433007
0.433005
0.433007
0.433005
0.433007
0.433005
0.433007
0.433005
0.433007
0.433005
0.433005
0.433005
0.433007
0.433005
0.433005
0.433005
0.433007
0.433005
0.433005
0.433005
0.433010
0.433005
0.433005
0.433005
0.433005
0.434083
0.433005
0.433005
0.433005
0.433005
0.433022
0.433005
0.433005
0.433005
0.433005
0.433081
0.433005
0.433005
0.433005
0.433005
0.433266
0.433005
0.434007
0.423659
0.431672
0.441393
0.430565
0.428498
0.439997
0.414486
0.392476
0.394476
0.338142
0.475131
0.432725
0.414302
0.412452
0.425724
0.535090
0.467592
0.432970
0.435218
0.432905
0.434302
0.433005
0.433010
0.433010
0.433013
0.433034
0.433014
0.432963
0.432981
0.433497
0.433007
0.433012
0.433014
0.433009
0.433014
0.433008
0.433005
0.433012
0.434084
0.433005
0.433005
0.433009
0.433005
0.433023
0.433005
0.433005
0.433005
0.433005
0.433084
0.433005
0.433005
0.433005
0.433005
0.433267
0.433005
0.434006
0.423656
0.431669
0.441395
0.430569
0.428499
0.439993
0.414483
0.392479
0.394478
0.338143
0.475133
0.432726
0.414298
0.412453
0.425722
0.535091
0.467592
0.432970
0.435217
0.432905
0.434301
0.433005
0.433008
0.433009
0.433010
0.433032
0.433014
0.432964
0.432985
0.433498
0.433007
0.433007
0.433012
0.433007
0.433007
0.433014
0.433013
0.433005
0.433007
0.433008
0.433011
0.433005
0.433007
0.433005
0.433007
0.433005
0.433007
0.433005
0.433007
0.433005
0.433007
0.433007
0.433007
0.433007
0.433007
0.433007
0.433007
0.433007
0.433007
0.433007
0.433007
0.433007
0.433007
0.433007
0.433007
0.433007
0.433007
0.433007
0.433006
0.433007
0.433007
0.433007
0.433007
0.433007
0.433007
0.433007
0.433007
0.433005
0.433007
0.433007
0.433007
0.433007
0.433007
0.433007
0.433007
0.433007
0.433007
0.433007
0.433007
0.433007
0.433007
0.433007
0.433007
0.433007
0.433007
0.433007
0.433007
0.433007
0.433007
0.433007
0.433007
0.433007
0.433007
0.433007
0.433007
0.433007
0.433007
0.433007
0.433007
0.433007
0.433007
0.433007
0.433007
0.433007
0.433007
0.433007
0.433007
0.433008
0.433007
0.433007
0.433007
0.433007
0.433007
0.433007
0.433007
0.433007
0.433007
0.433007
0.433007
0.433007
0.433007
0.433007
0.433007
0.433007
0.433007
0.433007
0.433007
0.433007
0.433007
0.433007
0.433007
0.433007
0.433007
0.433007
0.433007
0.433007
0.433007
0.433007
0.433007
0.435173
0.433007
0.433007
0.433007
0.433007
0.433007
0.433007
0.433007
0.433006
0.433007
0.433007
0.433007
0.432915
0.433007
0.433007
0.433007
0.433007
0.433007
0.433007
0.433007
0.433007
0.433007
0.430086
0.454076
0.434141
0.362175
0.441852
0.433014
0.335662
0.435937
0.421395
0.464340
0.491370
0.429688
0.507536
0.431934
0.429094
0.431621
0.428898
0.431561
0.415431
0.425790
0.432494
0.427595
0.432735
0.429708
0.433006
0.432975
0.431129
0.432996
0.432008
0.433003
0.432520
0.433005
0.432793
0.433005
0.432925
0.433005
0.432981
0.433000
0.433017
0.433003
0.433019
0.433005
0.433010
0.433005
0.433025
0.433005
0.433005
0.433005
0.433769
0.433005
0.435113
0.433005
0.436025
0.433005
0.434022
0.430392
0.432717
0.434111
0.433440
0.430372
0.432495
0.444462
0.489399
0.406006
0.381535
0.360699
0.437544
0.448409
0.437807
0.435649
0.435069
0.433289
0.441990
0.433058
0.439263
0.436000
0.433005
0.436639
0.433019
0.433298
0.433010
0.433070
0.433043
0.433010
0.433030
0.433014
0.433030
0.433005
0.433025
0.433005
0.433021
0.433005
0.433021
0.433005
0.433010
0.433005
0.433007
0.433005
0.433005
0.433005
0.433005
0.433005
0.433005
0.433005
0.433005
0.433005
0.433005
0.433005
0.433005
0.433005
0.433005
0.433005
0.433005
0.433005
0.433005
0.433005
0.433005
0.433005
0.433005
0.433005
0.433005
0.433003
0.433005
0.433005
0.433005
0.433005
0.433005
0.433005
0.433005
0.433005
0.433005
0.433005
0.433007
0.433005
0.433005
0.433005
0.433005
0.433005
0.433005
0.433005
0.433005
0.433005
0.433005
0.433005
0.433005
0.433005
0.433005
0.433005
0.433005
0.433005
0.433005
0.433005
0.433005
0.433005
0.433005
0.433005
0.433005
0.433005
0.433005
0.433005
0.433005
0.433007
0.433005
0.433005
0.433005
0.433005
0.433005
0.433005
0.433005
0.433005
0.433005
0.433005
0.433003
0.433005
0.433005
0.433005
0.433005
0.433005
0.433005
0.433005
0.433005
0.433005
0.433005
0.433005
0.433005
0.433005
0.433005
0.433005
0.433005
0.433005
0.433006
0.433005
0.433006
0.433005
0.433006
0.433005
0.433006
0.433005
0.433005
0.433005
0.433005
0.433005
0.433005
0.433005
0.433005
0.433005
0.478047
0.433005
0.433005
0.433005
0.433017
0.433005
0.433019
0.433005
0.433010
0.433005
0.433025
0.433005
0.433005
0.433005
0.433769
0.433005
0.435113
0.433005
0.436022
0.433005
0.434022
0.430392
0.432717
0.434111
0.433440
0.430372
0.432495
0.444462
0.489399
0.406006
0.381535
0.360699
0.437544
0.448409
0.437807
0.435649
0.435069
0.433289
0.441990
0.433058
0.439263
0.436000
0.433005
0.436641
0.433019
0.433298
0.433005
0.433070
0.433043
0.433010
0.433030
0.433014
0.433030
0.433005
0.433025
0.433021
0.433016
0.433021
0.433020
0.433010
0.433010
0.433007
0.433025
0.433005
0.433005
0.433005
0.433771
0.433005
0.435113
0.433005
0.436022
0.433005
0.434024
0.430396
0.432717
0.434110
0.433440
0.430368
0.432496
0.444464
0.489399
0.406007
0.381534
0.360697
0.437545
0.448409
0.437806
0.435650
0.435069
0.433289
0.441990
0.433055
0.439263
0.436002
0.433005
0.436641
0.433022
0.433297
0.433005
0.433067
0.433043
0.433029
0.433005
0.433031
0.433005
0.433028
0.433010
0.433007
0.433022
0.433019
0.433005
0.433007
0.433009
0.433007
0.433007
0.433007
0.433007
0.433007
0.433007
0.433007
0.433007
0.433007
0.433005
0.433007
0.433005
0.433007
0.433005
0.433007
0.433005
0.433007
0.433005
0.433007
0.433005
0.433007
0.433005
0.433007
0.433005
0.433007
0.433005
0.433007
0.433005
0.433007
0.433005
0.433007
0.433005
0.433007
0.433003
0.433007
0.433005
0.433008
0.433005
0.433007
0.433005
0.433007
0.433005
0.433007
0.433005
0.433007
0.433005
0.433007
0.433005
0.433007
0.433005
0.433007
0.433005
0.433007
0.433005
0.433007
0.433005
0.433007
0.433005
0.433007
0.433005
0.433007
0.433005
0.433007
0.433005
0.433007
0.433005
0.433007
0.433005
0.433007
0.433005
0.433007
0.433005
0.433007
0.433007
0.433007
0.433005
0.433005
0.433005
0.433007
0.433005
0.433007
0.433005
0.433007
0.433005
0.433007
0.433005
0.433007
0.433005
0.433007
0.433005
0.433007
0.433005
0.433007
0.433005
0.433007
0.433005
0.433007
0.433005
0.433007
0.433005
0.433007
0.433005
0.433007
0.433005
0.433007
0.433010
0.433007
0.433007
0.433006
0.433007
0.433007
0.433007
0.433013
0.433007
0.433006
0.433006
0.433007
0.433007
0.433007
0.433007
0.433007
0.433007
0.433006
0.433007
0.433006
0.432526
0.433007
0.433007
0.432040
0.431632
0.430839
0.432425
0.386047
0.445047
0.430513
0.346805
0.415665
0.330813
0.525673
0.436015
0.462212
0.321971
0.431406
0.419148
0.433142
0.427205
0.405798
0.463330
0.420438
0.433445
0.429846
0.433208
0.432965
0.432419
0.433001
0.432775
0.433015
0.432809
0.432878
0.433010
0.433010
0.432946
0.432997
0.433010
0.433010
0.433016
0.433042
0.433021
0.433010
0.433019
0.433005
0.433014
0.433005
0.433010
0.433010
0.488867
0.452776
0.433007
0.432682
0.433005
0.433005
0.434684
0.438170
0.434158
0.443298
0.437391
0.481285
0.414664
0.408658
0.365728
0.320716
0.449702
0.514524
0.444840
0.460057
0.456729
0.453267
0.433393
0.433050
0.444832
0.437747
0.433010
0.433030
0.434393
0.433007
0.433026
0.433021
0.433003
0.433000
0.433019
0.433007
0.433027
0.433037
0.433019
0.433024
0.433007
0.433021
0.433007
0.433012
0.433007
0.433010
0.433007
0.433010
0.433007
0.433007
0.433007
0.433005
0.433007
0.433005
0.433007
0.433005
0.433007
0.433005
0.433007
0.433005
0.433007
0.433005
0.433007
0.433005
0.433007
0.433005
0.433007
0.433005
0.433007
0.433005
0.433007
0.433005
0.433007
0.433005
0.433007
0.433005
0.433007
0.433005
0.433007
0.433006
0.433007
0.433005
0.433007
0.433005
0.433007
0.433005
0.433007
0.433005
0.433007
0.433005
0.433007
0.433005
0.433007
0.433005
0.433007
0.433005
0.433007
0.433005
0.433007
0.433005
0.433007
0.433005
0.433007
0.433005
0.433007
0.433005
0.433007
0.433005
0.433007
0.433005
0.433006
0.433005
0.433007
0.433005
0.433007
0.433005
0.433007
0.433005
0.433007
0.433004
0.433007
0.433005
0.433007
0.433005
0.433007
0.433005
0.433007
0.433005
0.433007
0.433005
0.433007
0.433005
0.433006
0.433005
0.433006
0.433005
0.433006
0.433005
0.433005
0.433005
0.433005
0.433005
0.433005
0.433005
0.433005
0.433005
0.433005
0.433005
0.433038
0.433005
0.433005
0.433005
0.433005
0.433005
0.433011
0.433005
0.433005
0.433005
0.433005
0.433042
0.433005
0.433005
0.433005
0.433005
0.433005
0.433005
0.433005
0.433005
0.488867
0.452776
0.433005
0.432682
0.433005
0.433005
0.434684
0.438170
0.434158
0.443298
0.437391
0.481285
0.414664
0.408658
0.365728
0.320716
0.449702
0.514524
0.444840
0.460057
0.456729
0.453267
0.433393
0.433050
0.444832
0.437747
0.433010
0.433030
0.434393
0.433010
0.433026
0.433021
0.433003
0.433010
0.433000
0.433027
0.433010
0.433010
0.433037
0.433043
0.433024
0.433010
0.433021
0.433005
0.433012
0.433005
0.433010
0.433010
0.488867
0.452779
0.433007
0.432682
0.433005
0.433005
0.434684
0.438168
0.434159
0.443299
0.437391
0.481283
0.414660
0.408660
0.365729
0.320716
0.449703
0.514526
0.444841
0.460056
0.456729
0.453267
0.433395
0.433051
0.444832
0.437746
0.433010
0.433030
0.434394
0.433007
0.433026
0.433023
0.433003
0.432998
0.433017
0.433009
0.433026
0.433037
0.433010
0.433007
0.433024
0.433021
0.433010
0.433014
0.433010
0.433008
0.433010
0.433007
0.433010
0.433007
0.433010
0.433006
0.433006
0.433006
0.433006
0.433006
0.433006
0.433006
0.433006
0.433006
0.433006
0.433006
0.433006
0.433006
0.433006
0.433006
0.433006
0.433006
0.433006
0.433006
0.433006
0.433008
0.433006
0.433006
0.433006
0.433006
0.433006
0.433006
0.433006
0.433006
0.433007
0.433006
0.433006
0.433006
0.433006
0.433006
0.433006
0.433006
0.433006
0.433006
0.433006
0.433006
0.433006
0.433006
0.433006
0.433006
0.433006
0.433006
0.433006
0.433006
0.433006
0.433006
0.433006
0.433006
0.433006
0.433006
0.433006
0.433006
0.433006
0.433006
0.433006
0.433004
0.433006
0.433006
0.433006
0.433006
0.433006
0.433006
0.433006
0.433006
0.433005
0.433006
0.433006
0.433006
0.433006
0.433006
0.433006
0.433006
0.433006
0.433006
0.433006
0.433006
0.433006
0.433006
0.433006
0.433006
0.433006
0.433006
0.433006
0.433006
0.433006
0.433006
0.433006
0.433006
0.433006
0.433006
0.433006
0.433006
0.433006
0.433006
0.433006
0.433006
0.433010
0.433042
0.433006
0.433007
0.433006
0.433007
0.433007
0.433006
0.433006
0.433007
0.433006
0.433007
0.433006
0.416619
0.433006
0.433007
0.440733
0.432765
0.433006
0.433847
0.433513
0.431865
0.433838
0.452644
0.436345
0.459236
0.427526
0.350476
0.355021
0.410827
0.412415
0.428936
0.419469
0.431231
0.303872
0.433898
0.401297
0.430896
0.434359
0.436520
0.433641
0.436034
0.433322
0.433056
0.434693
0.433041
0.433798
0.433029
0.433361
0.433182
0.433350
0.433115
0.433026
0.433074
0.433028
0.433005
0.433047
0.433030
0.344125
0.433021
0.433008
0.433012
0.434799
0.433005
0.453608
0.432657
0.433010
0.433010
0.435618
0.440447
0.434306
0.445280
0.439044
0.508076
0.441519
0.474180
0.512614
0.325911
0.331849
0.432759
0.448645
0.439893
0.476331
0.463535
0.432387
0.433168
0.445689
0.433035
0.438923
0.433037
0.435319
0.433029
0.433669
0.433132
0.433038
0.433017
0.433038
0.433041
0.433007
0.433005
0.433043
0.433007
0.433037
0.433010
0.433024
0.433010
0.433017
0.433010
0.433007
0.433010
0.433005
0.433010
0.433010
0.433010
0.433010
0.433010
0.433010
0.433010
0.433010
0.433010
0.433010
0.433010
0.433010
0.433010
0.433010
0.433010
0.433010
0.433010
0.433010
0.433010
0.433010
0.433011
0.433010
0.433010
0.433010
0.433010
0.433010
0.433010
0.433010
0.433010
0.433010
0.433010
0.433010
0.433010
0.433010
0.433010
0.433010
0.433010
0.433010
0.433010
0.433010
0.433010
0.433010
0.433010
0.433010
0.433010
0.433010
0.433010
0.433010
0.433010
0.433010
0.433010
0.433010
0.433010
0.433010
0.433010
0.433010
0.433010
0.433010
0.433010
0.433010
0.433009
0.433010
0.433010
0.433010
0.433010
0.433010
0.433010
0.433010
0.433010
0.433010
0.433010
0.433010
0.433010
0.433010
0.433010
0.433010
0.433010
0.433010
0.433010
0.433010
0.433010
0.433010
0.433010
0.433010
0.433010
0.433010
0.433010
0.433010
0.433010
0.433005
0.433010
0.433005
0.433010
0.433005
0.433010
0.433005
0.433010
0.433005
0.433010
0.433010
0.433010
0.433005
0.433010
0.432750
0.433010
0.433010
0.433010
0.433026
0.433010
0.433028
0.433010
0.433010
0.433010
0.344125
0.433010
0.433008
0.433010
0.434799
0.433010
0.453608
0.432657
0.433010
0.433010
0.435618
0.440447
0.434306
0.445280
0.439044
0.508076
0.441519
0.474180
0.512614
0.325911
0.331849
0.432759
0.448645
0.439893
0.476331
0.463535
0.432378
0.433168
0.445689
0.433035
0.438923
0.433037
0.435319
0.433029
0.433669
0.433132
0.433010
0.433038
0.433231
0.433041
0.433035
0.433043
0.433027
0.433005
0.433037
0.433024
0.344125
0.433017
0.433007
0.433007
0.434799
0.433005
0.453608
0.432657
0.433010
0.433010
0.435616
0.440447
0.434306
0.445281
0.439044
0.508074
0.441518
0.474181
0.512612
0.325914
0.331850
0.432757
0.448647
0.439894
0.476331
0.463535
0.432380
0.433168
0.445692
0.433037
0.438923
0.433036
0.435319
0.433030
0.433671
0.433025
0.433134
0.433005
0.433016
0.433022
0.433009
0.433048
0.433007
0.433007
0.433036
0.433029
0.433006
0.433016
0.433007
0.433009
0.433007
0.433007
0.433007
0.433006
0.433007
0.433007
0.433007
0.433007
0.433007
0.433007
0.433007
0.433007
0.433007
0.433007
0.433007
0.433007
0.433007
0.433007
0.433007
0.433007
0.433007
0.433007
0.433007
0.433007
0.433007
0.433007
0.433007
0.433007
0.433007
0.433007
0.433007
0.433007
0.433007
0.433007
0.433007
0.433007
0.433007
0.433007
0.433007
0.433007
0.433007
0.433007
0.433007
0.433007
0.433007
0.433007
0.433007
0.433007
0.433007
0.433007
0.433007
0.433007
0.433007
0.433007
0.433007
0.433007
0.433007
0.433007
0.433007
0.433007
0.433007
0.433007
0.433007
0.433006
0.433007
0.433007
0.433007
0.433007
0.433007
0.433007
0.433007
0.433007
0.433007
0.433007
0.433007
0.433007
0.433007
0.433007
0.433007
0.433007
0.433007
0.433007
0.433007
0.433007
0.433007
0.433007
0.433007
0.433007
0.433007
0.433007
0.433007
0.433007
0.433007
0.433007
0.433007
0.433007
0.433007
0.433007
0.433007
0.433007
0.433007
0.433007
0.433007
0.433007
0.433007
0.433007
0.433007
0.433154
0.433007
0.433007
0.433007
0.433007
0.433007
0.433007
0.433007
0.433007
0.433007
0.433007
0.433354
0.433007
0.433007
0.432303
0.433007
0.435866
0.436284
0.438631
0.441299
0.453834
0.434229
0.505280
0.444128
0.309819
0.424454
0.415284
0.438395
0.442017
0.402485
0.445182
0.439837
0.448236
0.448981
0.445196
0.433807
0.439715
0.433432
0.433114
0.436259
0.433072
0.434510
0.433045
0.433712
0.433255
0.433367
0.433026
0.433212
0.433017
0.433129
0.433081
0.432528
0.433005
0.433042
0.441510
0.433024
0.432815
0.433017
0.433012
0.433665
0.437890
0.432624
0.513439
0.443000
0.459388
0.432431
0.426408
0.360584
0.531910
0.421848
0.413689
0.443221
0.431901
0.438237
0.435217
0.444621
0.443559
0.433107
0.437854
0.432214
0.433026
0.434963
0.433017
0.433037
0.433231
0.433029
0.432985
0.428574
0.433022
0.433013
0.433048
0.433010
0.433037
0.433005
0.433030
0.433005
0.433014
0.433005
0.433007
0.433005
0.433005
0.433005
0.433005
0.433005
0.433005
0.433005
0.433005
0.433005
0.433005
0.433005
0.433005
0.433005
0.433005
0.433005
0.433005
0.433005
0.433005
0.433005
0.433005
0.433005
0.433005
0.433004
0.433005
0.433005
0.433005
0.433005
0.433005
0.433005
0.433005
0.433005
0.433004
0.433005
0.433005
0.433005
0.433005
0.433005
0.433005
0.433005
0.433005
0.433005
0.433005
0.433005
0.433005
0.433005
0.433005
0.433005
0.433005
0.433005
0.433005
0.433005
0.433005
0.433005
0.433005
0.433005
0.433005
0.433005
0.433005
0.433005
0.433005
0.433005
0.433005
0.433006
0.433005
0.433005
0.433005
0.433005
0.433005
0.433005
0.433005
0.433005
0.433006
0.433005
0.433005
0.433005
0.433005
0.433005
0.433005
0.433005
0.433005
0.433005
0.433005
0.433005
0.433005
0.433005
0.433005
0.433005
0.433005
0.433005
0.433005
0.433005
0.433005
0.433005
0.433005
0.433005
0.433005
0.433005
0.433005
0.433005
0.433005
0.433005
0.433005
0.433005
0.433005
0.433010
0.433005
0.433005
0.433231
0.433005
0.433005
0.433005
0.433005
0.433005
0.433005
0.432518
0.433005
0.433005
0.441510
0.433005
0.432810
0.433005
0.433005
0.433665
0.437890
0.432622
0.513439
0.443000
0.459388
0.432431
0.426408
0.360584
0.531910
0.421848
0.413689
0.443221
0.431901
0.438237
0.435217
0.444621
0.443564
0.433107
0.437854
0.432212
0.433026
0.434963
0.433005
0.433037
0.433029
0.433038
0.432956
0.432985
0.433017
0.433022
0.433007
0.433048
0.433037
0.432526
0.433005
0.433030
0.441509
0.433014
0.432810
0.433007
0.433005
0.433663
0.437890
0.432622
0.513439
0.443000
0.459385
0.432431
0.426406
0.360585
0.531909
0.421849
0.413690
0.443220
0.431900
0.438238
0.435214
0.444619
0.443559
0.433107
0.437854
0.432212
0.433026
0.434959
0.433013
0.433039
0.432820
0.433027
0.433017
0.432985
0.432956
0.433009
0.433020
0.433007
0.433039
0.433006
0.433031
0.433006
0.433018
0.433006
0.433011
0.433006
0.433007
0.433007
0.433005
0.433007
0.433005
0.433007
0.433005
0.433007
0.433005
0.433007
0.433005
0.433007
0.433005
0.433007
0.433005
0.433007
0.433005
0.433007
0.433005
0.433007
0.433005
0.433007
0.433005
0.433007
0.433005
0.433007
0.433005
0.433007
0.433005
0.433007
0.433003
0.433007
0.433005
0.433007
0.433005
0.433007
0.433005
0.433007
0.433005
0.433007
0.433005
0.433007
0.433005
0.433007
0.433005
0.433007
0.433005
0.433007
0.433005
0.433007
0.433005
0.433007
0.433005
0.433007
0.433005
0.433007
0.433005
0.433007
0.433005
0.433007
0.433005
0.433007
0.433005
0.433007
0.433005
0.433007
0.433005
0.433007
0.433005
0.433007
0.433007
0.433007
0.433005
0.433007
0.433005
0.433007
0.433005
0.433007
0.433005
0.433007
0.433005
0.433007
0.433005
0.433007
0.433005
0.433007
0.433005
0.433007
0.433005
0.433007
0.433005
0.433007
0.433005
0.433007
0.433005
0.433007
0.433005
0.433007
0.433005
0.433007
0.433005
0.433007
0.433007
0.433007
0.432912
0.433007
0.433007
0.433005
0.433007
0.433007
0.433005
0.433007
0.433005
0.433007
0.433005
0.433445
0.433839
0.433007
0.434631
0.434831
0.436372
0.437637
0.452853
0.433502
0.435823
0.462045
0.529556
0.538115
0.503930
0.524157
0.310505
0.401302
0.431988
0.446876
0.472745
0.454087
0.461782
0.432333
0.444541
0.433684
0.438625
0.433390
0.435907
0.438752
0.433005
0.433758
0.433038
0.433091
0.433052
0.433415
0.433017
0.433029
0.433152
0.432895
0.432870
0.433093
0.433012
0.433056
0.433026
0.444080
0.433014
0.433588
0.435907
0.355590
0.453258
0.436196
0.411647
0.446530
0.411109
0.496938
0.413273
0.441011
0.500431
0.440350
0.436866
0.436003
0.432908
0.442871
0.439829
0.431469
0.432962
0.435292
0.433031
0.433032
0.433030
0.432749
0.433019
0.432820
0.432956
0.433007
0.433022
0.433007
0.433037
0.433005
0.433030
0.433005
0.433019
0.433005
0.433013
0.433005
0.433007
0.433005
0.433005
0.433005
0.433005
0.433010
0.433005
0.433010
0.433005
0.433010
0.433005
0.433010
0.433005
0.433010
0.433005
0.433010
0.433005
0.433010
0.433005
0.433010
0.433005
0.433008
0.433005
0.433010
0.433005
0.433010
0.433005
0.433010
0.433005
0.433010
0.433003
0.433010
0.433005
0.433010
0.433005
0.433010
0.433005
0.433010
0.433005
0.433010
0.433005
0.433010
0.433005
0.433010
0.433005
0.433010
0.433005
0.433010
0.433005
0.433010
0.433005
0.433010
0.433005
0.433010
0.433005
0.433010
0.433005
0.433010
0.433005
0.433010
0.433005
0.433012
0.433005
0.433010
0.433005
0.433010
0.433005
0.433010
0.433005
0.433010
0.433007
0.433010
0.433005
0.433010
0.433005
0.433010
0.433005
0.433010
0.433005
0.433010
0.433005
0.433010
0.433005
0.433010
0.433005
0.433010
0.433005
0.433010
0.433005
0.433010
0.433005
0.433010
0.433005
0.433010
0.433005
0.433010
0.433005
0.433010
0.433005
0.433010
0.433005
0.433005
0.433005
0.433046
0.433005
0.433005
0.433005
0.433005
0.433017
0.433005
0.433005
0.432881
0.432870
0.433005
0.433005
0.433005
0.433005
0.444068
0.433005
0.433588
0.435907
0.355590
0.453258
0.436199
0.411647
0.446530
0.411109
0.496938
0.413273
0.441011
0.500436
0.440350
0.436866
0.436003
0.432908
0.442871
0.439829
0.431465
0.432962
0.435292
0.433010
0.433032
0.432749
0.433005
0.432814
0.433030
0.433017
0.433019
0.433022
0.432903
0.432870
0.433037
0.433010
0.433030
0.433019
0.444089
0.433013
0.433588
0.435909
0.355588
0.453258
0.436199
0.411652
0.446525
0.411108
0.496934
0.413275
0.441010
0.500431
0.440350
0.436866
0.436003
0.432908
0.442870
0.439831
0.431462
0.432962
0.435293
0.433019
0.433033
0.432468
0.433032
0.433019
0.432820
0.432796
0.433011
0.433003
0.433009
0.433063
0.433005
0.433047
0.433005
0.433029
0.433005
0.433010
0.433005
0.433003
0.433005
0.433005
0.433005
0.432998
0.433005
0.433005
0.433005
0.433005
0.433005
0.433005
0.433005
0.433005
0.433005
0.433005
0.433005
0.433005
0.433005
0.433005
0.433005
0.433005
0.433004
0.433005
0.433005
0.433005
0.433005
0.433005
0.433005
0.433005
0.433005
0.433005
0.433005
0.433005
0.433005
0.433005
0.433005
0.433005
0.433005
0.433005
0.433005
0.433005
0.433005
0.433005
0.433005
0.433005
0.433005
0.433005
0.433005
0.433005
0.433005
0.433005
0.433005
0.433005
0.433005
0.433005
0.433005
0.433005
0.433005
0.433005
0.433005
0.433005
0.433006
0.433005
0.433005
0.433005
0.433005
0.433005
0.433005
0.433005
0.433005
0.433005
0.433005
0.433005
0.433005
0.433005
0.433005
0.433005
0.433005
0.433005
0.433005
0.433005
0.433005
0.433005
0.433005
0.433005
0.433005
0.433005
0.433005
0.433005
0.433005
0.433005
0.433005
0.433005
0.433005
0.433005
0.433005
0.433005
0.433005
0.433005
0.433005
0.433010
0.433005
0.432321
0.433005
0.433005
0.433005
0.433005
0.433005
0.433005
0.433005
0.434153
0.433005
0.433010
0.431588
0.435461
0.433005
0.434312
0.440569
0.352172
0.412803
0.442392
0.436180
0.436560
0.441920
0.527928
0.363985
0.427341
0.428492
0.457885
0.441391
0.437590
0.511103
0.435523
0.440701
0.438891
0.433494
0.436934
0.427935
0.433005
0.433255
0.434102
0.433174
0.433103
0.433579
0.433006
0.433061
0.433232
0.433582
0.438689
0.433159
0.433019
0.433095
0.433058
0.432909
0.433033
0.433681
0.429898
0.432937
0.443982
0.434110
0.513967
0.434700
0.443035
0.405497
0.406101
0.441351
0.455043
0.495035
0.451599
0.432536
0.443388
0.432835
0.432941
0.434962
0.433338
0.433058
0.433035
0.432796
0.432814
0.433022
0.432945
0.433007
0.433031
0.433007
0.433046
0.433005
0.433033
0.433005
0.433017
0.433006
0.433007
0.433010
0.433007
0.433010
0.433005
0.433007
0.433005
0.433005
0.433001
0.433005
0.433005
0.433005
0.433005
0.433005
0.433007
0.433005
0.433010
0.433005
0.433010
0.433005
0.433010
0.433007
0.433010
0.433005
0.433010
0.433005
0.433010
0.433005
0.433010
0.433005
0.433012
0.433005
0.433010
0.433005
0.433010
0.433005
0.433010
0.433005
0.433010
0.433005
0.433010
0.433005
0.433010
0.433005
0.433010
0.433005
0.433010
0.433005
0.433010
0.433005
0.433010
0.433005
0.433010
0.433005
0.433010
0.433005
0.433010
0.433005
0.433010
0.433005
0.433010
0.433003
0.433010
0.433005
0.433010
0.433005
0.433010
0.433005
0.433010
0.433005
0.433008
0.433005
0.433010
0.433005
0.433010
0.433005
0.433010
0.433005
0.433010
0.433005
0.433010
0.433005
0.433010
0.433005
0.433010
0.433005
0.433010
0.433005
0.433010
0.433005
0.433010
0.433005
0.433010
0.433005
0.433010
0.433005
0.433010
0.433005
0.433010
0.433005
0.433010
0.431756
0.432088
0.433010
0.433010
0.433050
0.433010
0.433010
0.433006
0.433010
0.433010
0.433585
0.438689
0.433010
0.433010
0.433010
0.433010
0.432909
0.433010
0.433681
0.429902
0.432932
0.443982
0.434110
0.513967
0.434693
0.443035
0.405497
0.406101
0.441351
0.455043
0.495040
0.451599
0.432536
0.443395
0.432835
0.432941
0.434962
0.433338
0.433005
0.433042
0.432796
0.433006
0.433035
0.432945
0.433582
0.438689
0.433031
0.433007
0.433046
0.433033
0.432909
0.433017
0.433681
0.429900
0.432929
0.443982
0.434105
0.513970
0.434697
0.443035
0.405497
0.406101
0.441351
0.455043
0.495030
0.451599
0.432536
0.443403
0.432835
0.432941
0.434962
0.433338
0.433038
0.433042
0.432796
0.432814
0.433005
0.433019
0.432945
0.433007
0.433031
0.433007
0.433046
0.433005
0.433033
0.433005
0.433017
0.433005
0.433007
0.433005
0.433007
0.433005
0.433005
0.433005
0.433005
0.433010
0.433001
0.433010
0.433005
0.433010
0.433005
0.433010
0.433007
0.433010
0.433010
0.433010
0.433010
0.433010
0.433010
0.433010
0.433010
0.433008
0.433010
0.433010
0.433010
0.433010
0.433010
0.433010
0.433012
0.433010
0.433010
0.433010
0.433010
0.433010
0.433010
0.433010
0.433010
0.433010
0.433010
0.433010
0.433010
0.433010
0.433010
0.433010
0.433010
0.433010
0.433010
0.433010
0.433010
0.433010
0.433010
0.433010
0.433010
0.433010
0.433010
0.433010
0.433010
0.433010
0.433010
0.433010
0.433010
0.433012
0.433010
0.433010
0.433010
0.433010
0.433010
0.433010
0.433008
0.433010
0.433010
0.433010
0.433010
0.433010
0.433010
0.433010
0.433010
0.433010
0.433010
0.433010
0.433010
0.433010
0.433010
0.433010
0.433010
0.433010
0.433010
0.433010
0.433010
0.433010
0.433010
0.433010
0.433010
0.433010
0.433010
0.433010
0.433010
0.433010
0.433010
0.433010
0.433010
0.433010
0.433037
0.433010
0.433010
0.435658
0.433010
0.433153
0.433010
0.433010
0.433010
0.434828
0.433010
0.449755
0.439571
0.447405
0.453754
0.433781
0.435314
0.436899
0.448259
0.410452
0.499893
0.407758
0.427710
0.428085
0.438218
0.431918
0.435733
0.439182
0.432533
0.433005
0.433270
0.433005
0.433187
0.433144
0.433990
0.431696
0.433095
0.433208
0.427094
0.433182
0.433165
0.432758
0.433131
0.433088
0.432431
0.431683
0.432594
0.446873
0.433550
0.422376
0.435761
0.406496
0.348574
0.508740
0.402107
0.397641
0.434800
0.419721
0.433170
0.432606
0.432942
0.431884
0.432644
0.432870
0.432774
0.432307
0.433073
0.432088
0.433046
0.432609
0.433005
0.432879
0.433005
0.433018
0.433005
0.433050
0.433005
0.433040
0.433005
0.433024
0.433005
0.433007
0.433005
0.433003
0.433005
0.433005
0.433005
0.433003
0.433005
0.433010
0.433005
0.433010
0.433005
0.433010
0.433005
0.433005
0.433005
0.433005
0.433005
0.433005
0.433005
0.433005
0.433005
0.433005
0.433005
0.433005
0.433005
0.433005
0.433005
0.433005
0.433003
0.433006
0.433005
0.433005
0.433005
0.433005
0.433005
0.433005
0.433005
0.433005
0.433005
0.433005
0.433005
0.433005
0.433005
0.433005
0.433005
0.433005
0.433005
0.433005
0.433005
0.433005
0.433005
0.433005
0.433005
0.433005
0.433005
0.433005
0.433005
0.433005
0.433005
0.433005
0.433005
0.433005
0.433005
0.433005
0.433005
0.433005
0.433005
0.433005
0.433007
0.433004
0.433005
0.433005
0.433005
0.433005
0.433005
0.433005
0.433005
0.433005
0.433005
0.433005
0.433005
0.433005
0.433005
0.433005
0.433007
0.433005
0.433010
0.433005
0.433010
0.433005
0.433006
0.433005
0.433005
0.433005
0.433005
0.433005
0.433007
0.433005
0.433007
0.433005
0.433022
0.433005
0.433005
0.433005
0.433005
0.425922
0.433005
0.433005
0.427071
0.433182
0.433005
0.432730
0.433005
0.433005
0.432431
0.431678
0.432547
0.446877
0.433530
0.422375
0.435747
0.406498
0.348574
0.508745
0.402110
0.397640
0.434800
0.419724
0.433170
0.432608
0.432942
0.432091
0.432644
0.432870
0.432774
0.432307
0.433008
0.433046
0.432321
0.432609
0.427123
0.433186
0.432879
0.432747
0.433018
0.433050
0.432431
0.431679
0.432582
0.446877
0.433547
0.422379
0.435754
0.406496
0.348574
0.508740
0.402107
0.397641
0.434800
0.419721
0.433170
0.432606
0.432942
0.431880
0.432644
0.432870
0.432774
0.432307
0.433098
0.432321
0.433005
0.433038
0.432609
0.432879
0.432806
0.433018
0.433030
0.433050
0.433003
0.433040
0.433001
0.433024
0.432998
0.433007
0.433005
0.433003
0.433005
0.433005
0.433007
0.433003
0.433005
0.433010
0.433005
0.433010
0.433005
0.433010
0.433005
0.433005
0.433005
0.433005
0.433005
0.433005
0.433003
0.433005
0.433005
0.433005
0.433005
0.433005
0.433005
0.433005
0.433005
0.433005
0.433005
0.433006
0.433005
0.433005
0.433005
0.433005
0.433005
0.433005
0.433005
0.433005
0.433005
0.433005
0.433005
0.433005
0.433005
0.433005
0.433005
0.433005
0.433005
0.433005
0.433005
0.433005
0.433005
0.433005
0.433005
0.433005
0.433005
0.433005
0.433005
0.433005
0.433007
0.433005
0.433005
0.433005
0.433005
0.433005
0.433005
0.433005
0.433005
0.433005
0.433005
0.433004
0.433005
0.433005
0.433005
0.433005
0.433005
0.433005
0.433005
0.433005
0.433005
0.433005
0.433005
0.433005
0.433005
0.433005
0.433005
0.433005
0.433005
0.433005
0.433005
0.433005
0.433005
0.433005
0.433005
0.433005
0.434814
0.433005
0.433010
0.433005
0.433005
0.433005
0.433005
0.433005
0.433005
0.433165
0.433005
0.433005
0.433005
0.435989
0.433700
0.433005
0.433089
0.433601
0.433005
0.489832
0.431743
0.392558
0.439754
0.429765
0.500770
0.482006
0.508341
0.399624
0.493635
0.424358
0.438143
0.431835
0.434636
0.433431
0.447918
0.433005
0.433053
0.433085
0.433426
0.432868
0.433096
0.432874
0.430362
0.432973
0.424047
0.431809
0.433046
0.433082
0.432296
0.424599
0.431994
0.444401
0.432356
0.398926
0.434474
0.397183
0.481165
0.399442
0.431868
0.485871
0.434613
0.424667
0.434111
0.438143
0.432464
0.432789
0.434091
0.432988
0.432468
0.433005
0.433050
0.433045
0.432413
0.433029
0.432796
0.433013
0.433003
0.433003
0.433063
0.433005
0.433047
0.432998
0.433029
0.433005
0.433010
0.433005
0.433003
0.433005
0.433005
0.433005
0.432998
0.433005
0.433005
0.433005
0.433005
0.433005
0.433005
0.433005
0.433005
0.433005
0.433005
0.433005
0.433005
0.433005
0.433005
0.433006
0.433005
0.433005
0.433005
0.433005
0.433005
0.433005
0.433005
0.433005
0.433005
0.433005
0.433005
0.433005
0.433005
0.433005
0.433005
0.433005
0.433005
0.433005
0.433005
0.433005
0.433005
0.433005
0.433005
0.433005
0.433005
0.433005
0.433005
0.433005
0.433005
0.433005
0.433005
0.433005
0.433005
0.433005
0.433005
0.433005
0.433005
0.433005
0.433005
0.433004
0.433005
0.433005
0.433005
0.433005
0.433005
0.433005
0.433005
0.433005
0.433005
0.433005
0.433005
0.433005
0.433005
0.433005
0.433005
0.433005
0.433005
0.433005
0.433005
0.433005
0.433005
0.433005
0.433005
0.433005
0.433005
0.433005
0.433005
0.433005
0.433005
0.433005
0.433005
0.433005
0.433005
0.433005
0.433005
0.433005
0.433005
0.432413
0.433005
0.433005
0.433512
0.433005
0.433005
0.433005
0.430320
0.433005
0.424015
0.431768
0.433005
0.433005
0.432296
0.424582
0.431936
0.444396
0.432322
0.398930
0.434478
0.397183
0.481162
0.399445
0.431873
0.485867
0.434613
0.424671
0.434115
0.438471
0.432464
0.432789
0.434091
0.431282
0.432988
0.432088
0.430400
0.432413
0.424615
0.431812
0.432796
0.433003
0.432296
0.424646
0.431997
0.444399
0.432365
0.398938
0.434472
0.397180
0.481162
0.399445
0.431872
0.485897
0.434613
0.424667
0.434153
0.439383
0.432464
0.432789
0.434091
0.432988
0.432468
0.433315
0.433050
0.433010
0.433045
0.433010
0.433029
0.433010
0.433013
0.433049
0.433003
0.433103
0.433005
0.433081
0.432998
0.433038
0.433005
0.433008
0.433005
0.433007
0.433005
0.433001
0.433005
0.432998
0.433005
0.433005
0.433005
0.433005
0.433005
0.433005
0.433005
0.433005
0.433005
0.433005
0.433005
0.433005
0.433005
0.433005
0.433006
0.433005
0.433005
0.433005
0.433005
0.433005
0.433005
0.433004
0.433005
0.433005
0.433005
0.433005
0.433005
0.433005
0.433005
0.433005
0.433005
0.433005
0.433005
0.433005
0.433005
0.433005
0.433005
0.433005
0.433005
0.433005
0.433005
0.433005
0.433005
0.433005
0.433005
0.433005
0.433005
0.433005
0.433005
0.433005
0.433005
0.433005
0.433005
0.433005
0.433004
0.433005
0.433005
0.433005
0.433005
0.433005
0.433005
0.433006
0.433005
0.433005
0.433005
0.433005
0.433005
0.433005
0.433005
0.433005
0.433005
0.433005
0.433005
0.433005
0.433005
0.433005
0.433005
0.433005
0.433005
0.433005
0.433005
0.433005
0.433005
0.433005
0.433005
0.433005
0.433005
0.433005
0.433005
0.433005
0.433005
0.430793
0.433005
0.433005
0.434844
0.433010
0.433005
0.430479
0.434755
0.433005
0.436662
0.432509
0.435214
0.340406
0.430421
0.431847
0.392808
0.431993
0.417439
0.401601
0.396822
0.400025
0.343699
0.439005
0.393843
0.437034
0.431913
0.430406
0.432223
0.327664
0.432773
0.433732
0.432946
0.432070
0.432498
0.432402
0.439620
0.432711
0.432383
0.432925
0.432053
0.421259
0.431747
0.433662
0.428693
0.473785
0.498723
0.430466
0.392902
0.393882
0.434669
0.432337
0.442126
0.441464
0.430523
0.432776
0.432065
0.433008
0.431284
0.433088
0.431763
0.433072
0.432352
0.433039
0.432808
0.433015
0.433049
0.433003
0.433103
0.433005
0.433081
0.432998
0.433038
0.433005
0.433008
0.433005
0.433007
0.433005
0.433001
0.433005
0.432998
0.433005
0.433005
0.433005
0.433005
0.433005
0.433005
0.433005
0.433005
0.433005
0.433005
0.433005
0.433005
0.433005
0.433005
0.433005
0.433005
0.433005
0.433005
0.433005
0.433005
0.433005
0.433004
0.433005
0.433005
0.433005
0.433005
0.433005
0.433005
0.433005
0.433005
0.433005
0.433005
0.433005
0.433005
0.433005
0.433005
0.433005
0.433005
0.433005
0.433005
0.433005
0.433005
0.433005
0.433005
0.433005
0.433005
0.433005
0.433005
0.433005
0.433005
0.433005
0.433005
0.433005
0.433005
0.433005
0.433005
0.433005
0.433005
0.433005
0.433005
0.433005
0.433006
0.433005
0.433005
0.433005
0.433005
0.433005
0.433005
0.433005
0.433005
0.433005
0.433005
0.433005
0.433005
0.433005
0.433005
0.433005
0.433005
0.433005
0.433005
0.433005
0.433005
0.433005
0.433005
0.433005
0.433005
0.433005
0.433005
0.433005
0.433005
0.432343
0.433005
0.433005
0.433005
0.433005
0.433005
0.433005
0.432518
0.433005
0.439703
0.433005
0.432383
0.433005
0.432053
0.421257
0.431728
0.433651
0.428660
0.473790
0.498727
0.430470
0.392907
0.393881
0.434679
0.432342
0.442131
0.441474
0.430507
0.432776
0.432077
0.431291
0.432567
0.431763
0.440096
0.432348
0.432378
0.432813
0.432053
0.421378
0.431767
0.433682
0.428749
0.473805
0.498733
0.430476
0.392910
0.393916
0.434684
0.432342
0.442147
0.441475
0.430725
0.432771
0.432075
0.433724
0.433008
0.428558
0.433088
0.433005
0.433072
0.433005
0.433039
0.433005
0.433015
0.433097
0.433003
0.433155
0.433005
0.433114
0.432998
0.433050
0.433005
0.433015
0.433005
0.433003
0.433005
0.433001
0.433005
0.432998
0.433005
0.433005
0.433005
0.433005
0.433005
0.433007
0.433005
0.433010
0.433005
0.433010
0.433005
0.433010
0.433005
0.433010
0.433005
0.433010
0.433005
0.433010
0.433005
0.433008
0.433005
0.433010
0.433005
0.433010
0.433005
0.433010
0.433005
0.433010
0.433005
0.433010
0.433005
0.433010
0.433005
0.433010
0.433005
0.433010
0.433005
0.433010
0.433005
0.433010
0.433005
0.433010
0.433005
0.433010
0.433005
0.433010
0.433005
0.433010
0.433005
0.433010
0.433005
0.433010
0.433005
0.433010
0.433005
0.433010
0.433005
0.433010
0.433005
0.433012
0.433005
0.433010
0.433005
0.433010
0.433005
0.433010
0.433005
0.433010
0.433005
0.433010
0.433005
0.433010
0.433005
0.433010
0.433005
0.433010
0.433005
0.433010
0.433005
0.433010
0.433005
0.433010
0.433005
0.433010
0.433005
0.433010
0.433005
0.433010
0.433005
0.434420
0.433005
0.434366
0.433005
0.433005
0.433005
0.433005
0.431032
0.433005
0.373890
0.432352
0.432171
0.428852
0.439833
0.427283
0.423206
0.427545
0.428724
0.476161
0.440616
0.414549
0.394777
0.417614
0.432213
0.432301
0.421775
0.432611
0.431541
0.431878
0.518756
0.430951
0.408698
0.431716
0.432252
0.427445
0.431967
0.482547
0.430821
0.471128
0.412799
0.395901
0.339004
0.494459
0.390043
0.387167
0.429140
0.438620
0.430388
0.431483
0.423394
0.432783
0.425919
0.433010
0.433064
0.433010
0.433128
0.433106
0.432088
0.433053
0.432792
0.433013
0.433101
0.433007
0.433155
0.433001
0.433114
0.432998
0.433050
0.433005
0.433015
0.433005
0.433003
0.433005
0.433001
0.433010
0.432998
0.433010
0.433005
0.433010
0.433005
0.433010
0.433007
0.433010
0.433010
0.433010
0.433010
0.433010
0.433010
0.433009
0.433010
0.433010
0.433010
0.433010
0.433010
0.433010
0.433008
0.433010
0.433010
0.433010
0.433010
0.433010
0.433010
0.433010
0.433010
0.433010
0.433010
0.433010
0.433010
0.433010
0.433010
0.433010
0.433010
0.433010
0.433010
0.433010
0.433010
0.433010
0.433010
0.433010
0.433010
0.433010
0.433010
0.433010
0.433010
0.433010
0.433010
0.433010
0.433010
0.433011
0.433010
0.433010
0.433010
0.433010
0.433010
0.433010
0.433012
0.433010
0.433010
0.433010
0.433010
0.433010
0.433010
0.433010
0.433010
0.433010
0.433010
0.433010
0.433010
0.433010
0.433010
0.433010
0.433010
0.433010
0.433010
0.433010
0.433010
0.433010
0.433010
0.433010
0.433010
0.433010
0.433010
0.432793
0.433010
0.432079
0.433010
0.430787
0.433010
0.433010
0.433010
0.433010
0.440166
0.433010
0.408690
0.433010
0.432248
0.427433
0.432565
0.482558
0.430864
0.471137
0.412792
0.395896
0.339003
0.494464
0.390042
0.387164
0.429147
0.438711
0.430395
0.431488
0.423401
0.425930
0.432950
0.428588
0.409412
0.430800
0.432248
0.427536
0.431650
0.482619
0.430940
0.471405
0.412860
0.395962
0.339063
0.494526
0.390070
0.387239
0.429171
0.439206
0.430391
0.431481
0.423426
0.434013
0.432781
0.431758
0.433064
0.439555
0.433128
0.433345
0.433106
0.433204
0.433053
0.433095
0.433013
0.433005
0.433007
0.433579
0.433001
0.433303
0.432998
0.433130
0.433005
0.433037
0.433005
0.432992
0.433005
0.432994
0.433010
0.432998
0.433010
0.433003
0.433010
0.433005
0.433010
0.433005
0.433010
0.433005
0.433010
0.433005
0.433010
0.433005
0.433009
0.433005
0.433010
0.433005
0.433010
0.433006
0.433010
0.433005
0.433010
0.433005
0.433010
0.433005
0.433010
0.433005
0.433010
0.433005
0.433010
0.433005
0.433010
0.433005
0.433010
0.433005
0.433010
0.433005
0.433010
0.433005
0.433010
0.433005
0.433010
0.433005
0.433010
0.433005
0.433010
0.433005
0.433010
0.433005
0.433010
0.433005
0.433010
0.433005
0.433011
0.433005
0.433010
0.433005
0.433010
0.433004
0.433010
0.433005
0.433010
0.433005
0.433010
0.433005
0.433010
0.433005
0.433010
0.433005
0.433010
0.433005
0.433010
0.433005
0.433010
0.433005
0.433010
0.433005
0.433010
0.433005
0.433010
0.433005
0.433010
0.433005
0.433010
0.433005
0.433010
0.433005
0.433010
0.433005
0.433010
0.433005
0.433010
0.461264
0.433010
0.433010
0.506925
0.434285
0.429845
0.424173
0.433010
0.425203
0.331446
0.429216
0.422094
0.468985
0.491628
0.385298
0.479141
0.409782
0.429307
0.429209
0.436397
0.434781
0.431825
0.432108
0.427020
0.428472
0.434002
0.429390
0.433748
0.429137
0.440647
0.385722
0.425903
0.410660
0.388962
0.391289
0.334983
0.422700
0.402258
0.410448
0.541704
0.422491
0.428685
0.430973
0.436942
0.438324
0.433526
0.436181
0.433350
0.433204
0.433970
0.433095
0.433646
0.433030
0.433405
0.433003
0.433221
0.433001
0.433095
0.432998
0.433027
0.433005
0.432999
0.433005
0.433001
0.433007
0.432998
0.433005
0.433001
0.433005
0.433007
0.433005
0.433005
0.433005
0.433005
0.433005
0.433005
0.433005
0.433005
0.433003
0.433005
0.433005
0.433005
0.433005
0.433005
0.433005
0.433007
0.433005
0.433005
0.433005
0.433005
0.433005
0.433005
0.433005
0.433005
0.433005
0.433005
0.433005
0.433005
0.433005
0.433005
0.433005
0.433005
0.433005
0.433005
0.433005
0.433005
0.433005
0.433005
0.433005
0.433005
0.433005
0.433005
0.433005
0.433005
0.433005
0.433005
0.433005
0.433005
0.433007
0.433005
0.433005
0.433005
0.433005
0.433005
0.433005
0.433003
0.433005
0.433005
0.433005
0.433005
0.433005
0.433005
0.433005
0.433005
0.433005
0.433005
0.433005
0.433005
0.433005
0.433005
0.433005
0.433005
0.433005
0.433005
0.433005
0.433005
0.433005
0.433005
0.433005
0.433005
0.433005
0.433005
0.433005
0.433005
0.433005
0.433005
0.438044
0.433005
0.433005
0.433005
0.433005
0.505516
0.433175
0.433005
0.431629
0.433735
0.430068
0.440671
0.385751
0.425919
0.410657
0.388967
0.391288
0.334988
0.422692
0.402252
0.410458
0.513383
0.433929
0.422493
0.433838
0.430955
0.432982
0.433846
0.431471
0.441497
0.386351
0.426125
0.410874
0.389152
0.391493
0.335170
0.422940
0.402911
0.410705
0.545529
0.422727
0.519719
0.431086
0.431963
0.434356
0.432885
0.434377
0.433005
0.433928
0.433005
0.433626
0.433005
0.433394
0.433005
0.433221
0.433005
0.433095
0.433005
0.433027
0.433005
0.432999
0.433005
0.433001
0.433005
0.432998
0.433005
0.433001
0.433005
0.433007
0.433005
0.433005
0.433005
0.433005
0.433005
0.433005
0.433005
0.433005
0.433005
0.433005
0.433005
0.433005
0.433005
0.433005
0.433003
0.433007
0.433005
0.433005
0.433005
0.433005
0.433005
0.433005
0.433005
0.433005
0.433005
0.433005
0.433005
0.433005
0.433005
0.433005
0.433005
0.433005
0.433005
0.433005
0.433005
0.433005
0.433005
0.433005
0.433005
0.433005
0.433005
0.433005
0.433005
0.433005
0.433005
0.433005
0.433005
0.433005
0.433005
0.433005
0.433005
0.433005
0.433005
0.433005
0.433007
0.433003
0.433005
0.433005
0.433005
0.433005
0.433005
0.433005
0.433005
0.433005
0.433005
0.433005
0.433005
0.433005
0.433005
0.433005
0.433007
0.433005
0.433001
0.433005
0.432998
0.433005
0.432996
0.433005
0.433004
0.433005
0.433047
0.433005
0.433140
0.433005
0.436284
0.433005
0.439016
0.433005
0.438007
0.433755
0.433005
0.436000
0.431004
0.421579
0.434030
0.432628
0.430662
0.424778
0.406405
0.382261
0.386172
0.478590
0.387298
0.421332
0.360053
0.464740
0.408035
0.414247
0.482436
0.426549
0.435710
0.437900
0.433232
0.427910
0.431367
0.485676
0.421331
0.378196
0.471529
0.357921
0.435267
0.442793
0.436808
0.431629
0.435135
0.434651
0.439642
0.438118
0.433996
0.438159
0.433590
0.438190
0.433316
0.434068
0.433157
0.433619
0.433035
0.433322
0.432994
0.433137
0.432989
0.433035
0.432993
0.432999
0.432993
0.432994
0.433005
0.432998
0.433005
0.433003
0.433005
0.433005
0.433010
0.433005
0.433005
0.433005
0.433005
0.433005
0.433005
0.433005
0.433006
0.433005
0.433005
0.433005
0.433005
0.433006
0.433005
0.433005
0.433005
0.433005
0.433005
0.433005
0.433005
0.433005
0.433005
0.433005
0.433005
0.433005
0.433005
0.433005
0.433005
0.433005
0.433005
0.433005
0.433005
0.433005
0.433005
0.433005
0.433005
0.433005
0.433005
0.433005
0.433005
0.433005
0.433005
0.433005
0.433005
0.433005
0.433005
0.433005
0.433004
0.433005
0.433005
0.433005
0.433005
0.433004
0.433005
0.433005
0.433005
0.433005
0.433005
0.433005
0.433005
0.433005
0.433005
0.433005
0.433005
0.433005
0.433005
0.433005
0.433005
0.433005
0.433005
0.433005
0.433005
0.433005
0.433005
0.433005
0.433005
0.433005
0.433005
0.433005
0.436140
0.439694
0.433005
0.440727
0.433005
0.432568
0.433005
0.433005
0.434296
0.432858
0.433005
0.429217
0.432703
0.431206
0.433184
0.428126
0.431450
0.485759
0.421544
0.378209
0.471677
0.357648
0.435101
0.444216
0.436581
0.431279
0.485455
0.441865
0.439856
0.429531
0.436750
0.486438
0.424477
0.378689
0.473301
0.359036
0.435510
0.444005
0.436758
0.452897
0.435577
0.445205
0.434528
0.442469
0.433926
0.433554
0.435919
0.433301
0.434643
0.433135
0.433977
0.438694
0.433047
0.438450
0.432999
0.438310
0.432996
0.438248
0.432998
0.438224
0.433001
0.438224
0.433007
0.438228
0.433005
0.438228
0.433005
0.438235
0.433005
0.438235
0.433005
0.438235
0.433005
0.438235
0.433005
0.438235
0.433005
0.438235
0.433007
0.438235
0.433005
0.438237
0.433005
0.438235
0.433005
0.438235
0.433005
0.438235
0.433005
0.438235
0.433005
0.438235
0.433005
0.438235
0.433005
0.438235
0.433005
0.438235
0.433005
0.438235
0.433005
0.438235
0.433005
0.438235
0.433005
0.438235
0.433005
0.438235
0.433005
0.438235
0.433005
0.438235
0.433005
0.438235
0.433005
0.438235
0.433005
0.438235
0.433003
0.438235
0.433005
0.438233
0.433005
0.438235
0.433005
0.438235
0.433005
0.438235
0.433005
0.438239
0.433005
0.438235
0.433005
0.438235
0.433005
0.438238
0.433005
0.438236
0.433005
0.438242
0.433005
0.438236
0.433005
0.438234
0.433005
0.438230
0.433005
0.438209
0.433005
0.434853
0.433005
0.433005
0.433005
0.433005
0.433005
0.435459
0.433005
0.433005
0.436117
0.448142
0.444134
0.424206
0.440834
0.396742
0.434474
0.436115
0.408775
0.441340
0.352262
0.428138
0.516089
0.455825
0.440135
0.413968
0.461163
0.405337
0.363489
0.318701
0.440933
0.438208
0.430179
0.451822
0.438524
0.443180
0.437625
0.466055
0.434138
0.446376
0.433684
0.446738
0.433367
0.434121
0.436240
0.433661
0.436148
0.433347
0.436118
0.433135
0.436119
0.433023
0.436129
0.432988
0.436136
0.432985
0.436140
0.432989
0.436145
0.432996
0.436142
0.433005
0.436142
0.433005
0.436145
0.433007
0.436145
0.433007
0.436145
0.433005
0.436145
0.433005
0.436145
0.433005
0.436145
0.433005
0.436145
0.433005
0.436145
0.433005
0.436145
0.433005
0.436145
0.433005
0.436145
0.433005
0.436145
0.433005
0.436145
0.433005
0.436145
0.433005
0.436145
0.433005
0.436145
0.433005
0.436145
0.433005
0.436145
0.433005
0.436145
0.433005
0.436145
0.433005
0.436145
0.433005
0.436145
0.433005
0.436145
0.433005
0.436145
0.433005
0.436145
0.433005
0.436145
0.433005
0.436145
0.433005
0.436145
0.433005
0.436145
0.433005
0.436145
0.433005
0.436145
0.433005
0.436145
0.433005
0.436145
0.433005
0.436145
0.433005
0.436145
0.433005
0.436145
0.433005
0.436135
0.433005
0.436120
0.433005
0.449248
0.447247
0.433005
0.447405
0.433005
0.435980
0.433005
0.433005
0.437917
0.433005
0.446402
0.425852
0.432834
0.441288
0.436713
0.411865
0.448518
0.404886
0.362722
0.317983
0.448487
0.451950
0.429796
0.459877
0.448668
0.416349
0.466261
0.406529
0.364793
0.319789
0.442689
0.441249
0.431360
0.451149
0.440275
0.449467
0.439587
0.447652
0.439094
0.436127
0.438727
0.436136
0.438475
0.438321
0.439076
0.449248
0.438252
0.449243
0.438222
0.449241
0.438224
0.449238
0.438228
0.449245
0.438228
0.449245
0.438235
0.449240
0.438235
0.449240
0.438235
0.449240
0.438235
0.449240
0.438235
0.449240
0.438235
0.449241
0.438235
0.449240
0.438236
0.449240
0.438235
0.449240
0.438235
0.449240
0.438235
0.449240
0.438235
0.449240
0.438235
0.449240
0.438235
0.449240
0.438235
0.449240
0.438235
0.449240
0.438235
0.449240
0.438235
0.449240
0.438235
0.449240
0.438235
0.449240
0.438235
0.449240
0.438235
0.449240
0.438235
0.449240
0.438235
0.449240
0.438235
0.449240
0.438235
0.449239
0.438235
0.449240
0.438234
0.449240
0.438235
0.449245
0.438235
0.449245
0.438235
0.449245
0.438235
0.449242
0.438235
0.449238
0.438235
0.449236
0.438235
0.449220
0.438240
0.449210
0.438240
0.449192
0.438245
0.449209
0.438245
0.449273
0.438240
0.448132
0.438220
0.443251
0.438180
0.446840
0.438130
0.437654
0.438100
0.438807
0.438100
0.440948
0.438045
0.448134
0.440828
0.451211
0.443693
0.474939
0.441499
0.442563
0.448414
0.479741
0.454770
0.402396
0.428494
0.322461
0.315612
0.471543
0.503445
0.539088
0.519248
0.515930
0.481277
0.449244
0.506057
0.324772
0.329740
0.442169
0.427343
0.444729
0.444518
0.443387
0.451150
0.451081
0.437095
0.449740
0.436709
0.448324
0.436423
0.437050
0.442762
0.436657
0.442720
0.436382
0.442710
0.436217
0.442712
0.436140
0.442721
0.436116
0.442728
0.436118
0.442732
0.436131
0.442735
0.436133
0.442739
0.436142
0.442735
0.436145
0.442735
0.436144
0.442735
0.436145
0.442734
0.436145
0.442735
0.436145
0.442735
0.436144
0.442735
0.436145
0.442735
0.436145
0.442735
0.436145
0.442735
0.436145
0.442735
0.436145
0.442735
0.436145
0.442735
0.436145
0.442735
0.436145
0.442735
0.436145
0.442735
0.436145
0.442735
0.436145
0.442735
0.436145
0.442735
0.436145
0.442735
0.436145
0.442735
0.436145
0.442735
0.436145
0.442735
0.436145
0.442736
0.436145
0.442735
0.436145
0.442735
0.436146
0.442735
0.436145
0.442735
0.436145
0.442735
0.436145
0.442735
0.436145
0.442735
0.436145
0.442735
0.436145
0.442735
0.436145
0.442736
0.436145
0.442735
0.436145
0.442725
0.436141
0.442705
0.436145
0.442676
0.436145
0.449289
0.447904
0.436100
0.449322
0.436070
0.443968
0.436030
0.436120
0.446688
0.436111
0.455578
0.437441
0.459885
0.441839
0.431857
0.443001
0.537053
0.472328
0.507581
0.323175
0.328936
0.477241
0.432640
0.518853
0.482547
0.453468
0.509245
0.326585
0.331161
0.430817
0.450136
0.448799
0.449852
0.448431
0.450981
0.448002
0.450153
0.448746
0.452261
0.447975
0.451731
0.447576
0.451537
0.447161
0.447348
0.447123
0.447228
0.447114
0.447160
0.447119
0.447129
0.447123
0.447121
0.447123
0.447123
0.447125
0.447123
0.447125
0.447125
0.447125
0.447125
0.447125
0.447125
0.447125
0.447125
0.447125
0.447125
0.447125
0.447125
0.447127
0.447125
0.447125
0.447124
0.447125
0.447125
0.447125
0.447125
0.447125
0.447125
0.447125
0.447125
0.447125
0.447125
0.447125
0.447125
0.447125
0.447125
0.447125
0.447125
0.447125
0.447125
0.447125
0.447125
0.447125
0.447125
0.447125
0.447125
0.447125
0.447125
0.447125
0.447125
0.447125
0.447125
0.447125
0.447125
0.447125
0.447125
0.447125
0.447125
0.447123
0.447125
0.447125
0.447126
0.447125
0.447125
0.447125
0.447125
0.447129
0.447125
0.447125
0.447125
0.447125
0.447125
0.447128
0.447125
0.447131
0.447128
0.447142
0.447126
0.447136
0.447131
0.447124
0.447125
0.447085
0.447115
0.447004
0.447096
0.446921
0.447066
0.447040
0.451326
0.446993
0.451259
0.446881
0.455085
0.447957
0.446630
0.449102
0.449343
0.453447
0.368826
0.516275
0.449770
0.530596
0.428665
0.366878
0.433775
0.440996
0.438387
0.447203
0.424663
0.457093
0.445992
0.450047
0.451396
0.443754
0.446657
0.443343
0.444585
0.443071
0.443675
0.451322
0.442873
0.443011
0.447907
0.442846
0.447886
0.442767
0.447893
0.442721
0.447902
0.442713
0.447911
0.442717
0.447908
0.442726
0.447912
0.442728
0.447910
0.442732
0.447910
0.442735
0.447910
0.442735
0.447914
0.442735
0.447910
0.442739
0.447908
0.442735
0.447910
0.442733
0.447910
0.442735
0.447910
0.442735
0.447910
0.442735
0.447910
0.442735
0.447910
0.442735
0.447910
0.442735
0.447910
0.442735
0.447910
0.442735
0.447910
0.442735
0.447910
0.442735
0.447910
0.442735
0.447910
0.442735
0.447910
0.442735
0.447910
0.442735
0.447910
0.442735
0.447910
0.442735
0.447910
0.442735
0.447910
0.442735
0.447912
0.442735
0.447910
0.442737
0.447910
0.442735
0.447910
0.442735
0.447910
0.442735
0.447910
0.442735
0.447910
0.442735
0.447906
0.442735
0.447915
0.442731
0.447912
0.442735
0.447903
0.442738
0.447900
0.442733
0.447882
0.442730
0.447857
0.442717
0.449262
0.442623
0.442712
0.442555
0.442701
0.442457
0.442693
0.442707
0.455431
0.445133
0.456103
0.453536
0.439853
0.530632
0.447815
0.426695
0.365462
0.423640
0.370044
0.434697
0.445581
0.519660
0.453680
0.466467
0.453479
0.452421
0.456872
0.451893
0.454028
0.450143
0.451635
0.447750
0.451485
0.449274
0.451404
0.451371
0.451445
0.451353
0.451398
0.451356
0.451375
0.451358
0.451365
0.451358
0.451360
0.451360
0.451358
0.451360
0.451355
0.451365
0.451360
0.451365
0.451362
0.451365
0.451365
0.451365
0.451365
0.451365
0.451365
0.451364
0.451365
0.451365
0.451365
0.451365
0.451366
0.451365
0.451365
0.451365
0.451365
0.451365
0.451365
0.451365
0.451365
0.451365
0.451365
0.451365
0.451365
0.451365
0.451365
0.451365
0.451365
0.451365
0.451365
0.451365
0.451365
0.451365
0.451365
0.451365
0.451365
0.451365
0.451365
0.451365
0.451365
0.451365
0.451365
0.451365
0.451365
0.451365
0.451365
0.451366
0.451365
0.451365
0.451365
0.451365
0.451364
0.451360
0.451365
0.451360
0.451362
0.451360
0.451360
0.451365
0.451365
0.451367
0.451362
0.451360
0.451363
0.451361
0.451363
0.451349
0.451358
0.451335
0.451345
0.451311
0.451326
0.451277
0.451314
0.451241
0.451308
0.449363
0.451154
0.449471
0.450907
0.448226
0.450426
0.448495
0.452141
0.454554
0.453185
0.450975
0.445522
0.425161
0.453165
0.454828
0.458940
0.465714
0.456931
0.449159
0.454644
0.450469
0.449103
0.448821
0.449158
0.449275
0.448069
0.449277
0.447957
0.448032
0.449228
0.447954
0.449199
0.447912
0.449196
0.447905
0.449215
0.447900
0.449234
0.447906
0.449238
0.447908
0.449238
0.447912
0.449242
0.447910
0.449249
0.447910
0.449245
0.447910
0.449242
0.447910
0.449240
0.447910
0.449239
0.447909
0.449240
0.447910
0.449240
0.447910
0.449240
0.447910
0.449240
0.447910
0.449240
0.447910
0.449240
0.447910
0.449240
0.447910
0.449240
0.447910
0.449240
0.447910
0.449240
0.447910
0.449240
0.447910
0.449240
0.447910
0.449240
0.447910
0.449240
0.447910
0.449240
0.447910
0.449240
0.447910
0.449240
0.447910
0.449240
0.447910
0.449240
0.447910
0.449241
0.447911
0.449240
0.447910
0.449240
0.447910
0.449240
0.447910
0.449240
0.447910
0.449240
0.447910
0.449242
0.447910
0.449245
0.447910
0.449241
0.447908
0.449238
0.447911
0.449241
0.447903
0.449241
0.447902
0.449240
0.447898
0.449253
0.447827
0.447897
0.449356
0.447779
0.447946
0.449533
0.448086
0.450076
0.449948
0.452009
0.460057
0.454533
0.517794
0.465631
